80
6 10
187 253
9906573 9906753
999940000819 999944000663
887204483311 892579050283
356821753166 356822471794
330646190149 330649460581
582899105137 595663405679
829794471083 862471211387
887058265693 955792923731
130097603873 177787056017
790252560221 889530871013
826915485619 900160034707
580245488453 582864294119
822211128061 825996719533
845882094899 850726846573
259667197369 272019350143
959590090029 959591675541
269330494957 296995679261
167651354531 193450190663
950665815017 953034221807
378707126449 500923358489
772716914782 772717828438
868531629083 921202935089
754596925013 786601620613
591129559739 617824679929
527885758331 556315687999
263559874261 533604295333
497505350029 527641858567
954569985157 954927493591
884251724711 902720111639
776190083057 868106710447
635079769501 635355424387
719887058867 828738013309
331892954567 369817602307
806047151209 839913048839
634566921859 634571175407
591570302189 623891946779
745562049931 836123653943
953190524287 962953827427
577888179173 625920390539
606160348953 606161049909
103501365977 152071107553
572398294631 585602028763
551662570873 572885926727
540108740653 594375954857
365674912243 506090930039
269997440299 275311117241
26024062629 26026470861
579793536409 843505301669
807469361693 807595145953
429202693009 511133515939
619788257639 626434863097
923087713657 923193077267
525251813747 950459516599
254280751966 254280915106
312801230191 356260598327
988436284406 988438119962
370492265743 427298041493
373619907503 483956423557
418660508239 418662755293
185272854269 359537238433
639221240501 752340461291
400378514069 467203298047
45943699777 50686415651
193958015246 193958098778
474787053149 474787462637
771608663989 930060574757
605817164891 646453021243
706264398241 797788321333
758175098531 827414512469
210317862617 452789799509
432959072779 482230747861
284192526407 397331359639
663956826602 663957755234
628017163601 655709290703
135527525319 135528593367
165023953387 266360513141
630470928203 659431943221
753200943571 783715230743
