10000
0.01
99.99
21.26
31.25
90.91
82.87
32.48
61.87
82.91
25.35
43.41
63.86
26.38
5.78
63.34
11.48
87.53
59.38
57.15
76.71
56.31
30.48
46.18
44.29
48.25
75.22
28.43
98.57
25.67
49.84
13.76
95.43
80.33
35.01
26.68
87.06
33.70
74.97
48.93
16.61
0.33
92.33
96.28
26.70
13.93
59.62
38.17
1.47
19.00
95.31
93.99
91.12
41.61
40.17
51.24
89.85
15.39
95.48
88.43
41.05
45.32
18.01
52.30
41.47
68.83
78.98
28.53
2.53
53.95
77.45
34.96
70.09
85.60
31.24
96.78
99.53
6.69
50.77
16.82
41.50
61.90
10.81
32.63
3.52
66.79
83.86
93.36
82.18
95.16
97.61
39.05
40.49
15.62
91.35
97.77
0.27
86.15
42.13
2.80
40.10
19.58
53.57
26.02
21.01
0.63
22.80
36.36
7.31
89.39
68.99
48.81
67.11
95.61
97.25
70.62
62.40
81.11
79.81
44.58
92.09
93.24
99.45
32.58
24.69
90.80
46.18
24.95
76.95
88.30
43.56
32.87
23.70
97.12
58.88
44.70
97.75
97.50
96.87
5.06
86.89
65.86
69.68
69.82
61.47
66.93
40.45
63.86
36.08
84.27
55.96
29.32
83.72
4.36
54.00
90.34
50.53
94.77
67.29
54.65
38.33
0.17
78.35
51.28
74.86
38.87
49.03
72.36
35.75
69.90
75.07
17.43
55.41
44.90
94.72
22.34
1.17
34.42
86.20
37.24
18.69
57.98
82.37
18.24
62.33
52.20
8.58
28.69
46.97
91.69
83.33
85.29
91.85
36.57
82.53
16.38
1.42
70.72
67.94
87.14
61.61
85.36
42.55
6.51
80.08
80.70
23.49
14.50
82.72
76.54
49.01
40.70
58.92
67.24
3.04
11.12
91.63
47.54
73.90
83.32
30.87
90.99
8.38
11.59
73.53
40.57
28.82
60.07
8.51
15.96
21.68
93.86
74.32
44.01
89.77
55.03
67.49
20.09
37.75
59.86
69.09
78.45
34.60
52.15
97.30
61.53
43.79
44.84
35.43
42.93
91.52
10.44
33.93
15.72
22.02
23.28
56.28
66.66
83.34
64.78
98.43
20.84
74.47
72.76
64.84
64.24
43.61
48.16
84.32
97.17
8.02
69.24
91.44
42.61
21.39
88.74
19.96
65.17
49.40
55.38
23.93
56.75
65.81
57.85
72.46
3.66
96.94
28.75
86.13
96.10
9.35
84.56
16.94
83.81
73.14
81.78
63.87
16.75
29.94
64.02
13.93
53.77
33.26
5.37
12.20
54.64
9.94
32.15
35.64
75.15
3.35
59.56
31.90
84.97
33.23
20.19
4.45
30.17
64.75
90.57
26.27
74.09
75.14
43.20
57.91
48.28
40.80
37.60
80.85
86.55
1.62
94.77
40.32
34.87
15.96
68.33
5.34
41.71
16.30
40.97
16.87
19.64
16.35
64.58
20.44
49.57
84.76
24.88
95.55
49.51
15.46
21.82
23.61
6.42
80.83
97.33
70.51
21.64
34.93
51.36
8.19
52.37
61.95
64.33
87.23
77.91
48.48
92.56
19.62
80.60
49.35
52.30
0.24
65.69
16.89
36.49
31.08
1.65
61.37
26.63
66.98
76.82
48.44
6.41
99.05
45.10
3.74
69.56
66.73
54.48
20.93
90.73
6.85
82.87
70.88
9.91
76.60
2.47
12.05
15.79
67.64
64.34
31.84
33.33
81.22
68.33
64.41
98.69
91.03
65.67
22.34
55.30
72.07
21.39
0.40
91.62
90.94
82.94
46.10
27.69
89.49
68.77
26.39
76.20
78.67
2.99
11.39
96.95
15.03
42.99
64.59
95.19
90.64
13.75
76.41
58.97
93.97
90.92
4.49
0.83
56.59
42.64
56.12
44.48
79.84
72.33
36.10
86.61
71.09
98.02
14.30
76.41
66.79
40.68
52.61
61.28
59.49
79.81
58.23
90.33
38.62
38.65
85.52
29.26
52.39
77.76
88.23
46.36
68.68
8.54
47.18
41.10
51.18
19.13
85.57
31.02
7.28
37.50
17.63
78.37
51.34
47.75
70.60
33.95
88.42
23.21
95.22
63.73
18.84
53.45
54.07
57.45
7.92
55.41
2.53
60.30
33.17
90.75
6.66
17.68
15.12
69.66
58.77
66.29
4.61
60.16
13.13
11.88
97.65
46.58
90.24
64.81
94.32
76.66
98.75
98.56
99.86
93.97
62.30
34.52
63.25
32.19
7.79
71.16
87.59
10.32
31.47
36.59
16.89
53.94
54.26
32.00
39.42
13.03
14.11
44.02
89.00
43.06
55.90
2.49
89.63
61.96
67.29
99.77
38.63
66.05
98.33
54.31
60.02
76.45
88.83
23.27
24.46
12.44
10.26
12.06
22.75
57.54
64.46
39.64
27.30
18.72
71.63
66.72
47.56
1.57
26.56
36.56
44.62
82.45
39.04
34.25
60.24
6.34
34.02
14.69
72.38
48.17
68.99
48.22
40.45
73.64
87.31
64.90
86.08
97.56
92.77
8.83
55.10
57.23
48.46
82.39
75.94
35.92
64.93
23.50
37.48
60.06
82.09
89.76
14.92
32.16
50.00
21.25
81.99
64.68
9.45
30.16
49.50
57.67
70.60
23.14
44.98
35.51
25.04
58.36
44.10
49.69
13.46
1.34
98.14
11.67
77.27
49.88
92.42
16.60
87.35
83.91
92.47
85.26
89.49
7.39
17.42
39.50
28.64
99.40
20.00
53.90
45.39
85.31
11.57
31.81
8.46
72.36
83.13
49.31
30.72
27.24
98.99
59.99
28.57
12.97
87.48
21.66
62.84
79.90
38.25
66.02
79.63
30.72
67.10
69.12
38.11
0.35
24.44
82.56
15.57
44.44
52.28
60.95
29.75
63.85
92.76
54.02
36.21
75.89
19.16
82.75
18.95
18.15
42.74
47.51
31.11
30.22
69.17
9.78
25.94
23.24
91.61
5.57
53.96
58.71
74.69
7.89
59.05
99.12
6.27
74.62
59.38
58.54
51.39
4.96
38.21
44.15
74.79
90.24
35.87
93.94
72.99
70.63
12.10
31.55
18.15
59.02
77.59
3.14
84.61
3.53
26.37
76.22
9.10
96.14
34.94
99.60
19.85
9.81
98.72
41.93
84.42
73.93
0.48
35.82
78.88
54.50
95.78
53.67
44.74
47.47
33.55
18.11
75.53
65.10
52.07
50.37
58.51
71.02
34.99
62.03
13.21
11.21
86.94
9.36
61.96
86.54
45.02
71.77
1.10
86.95
56.19
75.02
3.25
7.83
53.90
57.74
19.44
7.57
18.31
66.90
71.00
51.85
0.83
46.53
32.77
68.71
12.73
7.10
39.73
47.71
69.13
52.94
74.73
56.07
78.11
36.70
58.44
23.13
8.47
59.53
25.90
80.47
34.55
44.96
4.13
88.44
18.53
23.56
11.83
36.83
6.28
82.83
4.50
22.93
45.18
53.09
91.63
57.90
60.18
31.37
5.61
29.31
0.13
96.16
1.21
78.23
32.86
75.46
17.18
57.14
34.99
58.90
53.43
69.53
3.86
57.55
73.79
22.38
96.92
75.02
19.03
84.26
79.52
41.95
29.45
32.61
33.58
87.34
92.78
80.76
8.78
37.92
80.88
4.94
54.94
74.93
53.61
30.40
7.94
10.75
65.38
66.83
64.17
50.73
86.50
37.55
24.52
24.71
34.47
25.95
99.72
53.49
10.22
79.24
11.26
39.66
27.67
44.84
42.82
36.28
41.42
67.41
74.19
38.13
88.16
44.95
28.88
41.77
75.34
36.81
68.33
56.54
19.46
32.51
23.09
5.97
70.05
63.42
30.67
20.34
89.36
46.21
89.65
15.40
25.46
0.91
55.05
53.12
61.56
13.70
5.22
2.99
81.10
79.40
56.93
85.09
40.17
85.80
26.86
31.33
38.44
95.19
87.86
57.89
43.52
26.77
79.67
29.39
90.18
26.16
49.72
79.55
72.37
39.37
94.94
13.65
56.10
65.82
82.58
17.66
95.33
87.80
20.64
76.43
83.02
77.56
77.34
23.20
79.19
4.21
54.52
17.63
15.22
91.33
58.73
84.97
86.83
3.94
75.16
12.99
53.65
70.53
1.18
8.85
81.29
14.82
64.94
47.11
97.40
82.59
42.44
85.20
19.06
34.70
84.04
12.44
27.86
7.24
91.62
32.06
77.58
25.07
47.27
35.79
16.41
21.82
20.76
3.24
25.75
11.74
32.04
95.22
33.22
19.89
79.38
48.03
0.65
26.49
61.25
99.05
84.75
46.45
18.11
35.27
30.50
46.37
63.12
53.55
37.99
11.01
31.13
78.88
74.09
82.73
11.11
95.91
3.50
30.16
37.48
31.05
62.19
32.70
29.14
11.23
68.40
8.52
59.26
69.04
50.82
36.33
68.10
51.39
98.60
2.03
2.48
44.92
48.39
81.42
98.46
2.21
92.42
45.42
81.08
66.51
28.15
92.18
78.24
47.46
22.34
31.55
78.51
0.35
80.06
7.65
11.58
48.47
16.16
86.65
17.51
82.79
22.98
1.43
34.19
21.58
3.46
36.66
66.49
67.66
18.08
80.78
69.86
26.32
26.20
66.76
8.66
54.34
74.76
2.72
1.81
12.92
34.26
13.27
14.33
3.78
40.66
62.79
35.75
27.31
96.11
34.36
66.10
97.54
68.54
3.51
16.82
21.03
85.81
84.47
54.92
66.59
70.16
81.24
8.61
36.92
5.72
78.77
11.69
8.43
80.57
40.42
42.69
92.52
53.68
57.01
96.29
10.16
35.62
47.86
53.28
31.73
82.21
19.39
45.09
66.58
38.71
77.72
3.43
24.52
78.02
58.34
6.94
48.18
55.40
15.54
0.92
61.11
94.30
28.42
69.54
90.69
68.84
28.05
83.21
38.34
0.88
95.32
48.50
36.49
59.00
1.78
84.03
57.04
36.98
29.13
23.62
75.68
6.85
27.04
16.03
84.86
1.20
22.96
48.86
56.60
54.31
49.78
33.53
48.62
94.01
3.07
55.13
62.85
46.93
54.17
1.20
47.80
65.31
65.51
84.28
24.32
67.28
84.14
97.17
4.27
13.27
36.61
95.76
35.93
79.46
11.79
36.62
80.65
34.74
1.30
53.07
4.88
66.89
86.60
69.31
60.91
5.49
24.44
39.58
52.42
94.42
40.77
0.22
59.74
22.10
0.33
99.87
89.38
84.46
12.87
9.47
13.55
49.47
21.05
65.29
28.93
32.84
17.73
25.40
83.39
19.03
78.47
88.26
1.74
80.89
57.57
62.64
86.37
97.83
2.23
38.79
92.25
58.81
54.83
67.81
80.91
55.15
83.50
86.11
55.43
96.36
11.40
84.79
61.65
32.44
50.08
6.40
65.27
83.63
31.80
64.49
18.48
26.09
52.75
20.21
6.98
26.15
98.67
9.17
39.80
0.90
63.78
47.87
75.52
18.61
15.69
56.43
89.57
15.01
58.36
45.00
27.20
69.75
29.79
88.84
2.20
95.68
95.24
83.28
79.31
42.86
47.77
97.78
68.94
16.35
33.82
91.73
58.31
32.49
0.90
98.10
33.38
64.67
45.97
24.72
99.09
77.47
96.97
88.66
8.31
55.33
49.48
35.50
40.91
95.08
24.34
43.10
6.60
35.40
42.20
85.90
78.25
5.80
99.51
63.01
37.96
33.33
54.74
96.26
81.63
71.46
10.19
15.01
36.13
71.97
55.54
35.23
49.45
52.51
39.71
57.75
23.67
89.19
9.07
64.57
0.10
33.40
23.49
6.69
84.62
65.68
92.59
62.87
71.47
7.93
25.89
9.43
57.07
80.62
21.51
38.70
52.08
31.69
69.52
4.04
19.49
25.06
55.08
84.75
93.39
94.78
42.50
17.06
99.79
67.38
81.62
99.89
0.78
5.11
22.40
1.22
70.78
30.81
64.09
58.08
38.73
5.80
83.32
11.62
2.24
4.84
50.31
70.14
52.34
35.65
74.17
71.82
60.71
45.07
56.57
69.92
55.67
14.89
86.97
71.29
68.59
71.18
98.86
89.51
9.40
0.08
60.29
40.21
79.98
34.19
94.75
85.77
17.52
6.38
88.01
38.17
72.50
58.15
90.50
8.16
48.14
78.15
84.68
9.03
50.54
54.60
64.69
81.25
57.39
35.98
63.51
25.98
22.98
78.19
15.49
32.38
94.09
91.59
72.58
89.89
25.79
83.15
75.67
59.12
89.52
79.50
97.28
77.85
53.47
3.61
86.00
17.43
81.75
86.50
26.45
48.12
56.92
91.13
29.37
14.31
27.12
8.70
40.28
65.91
86.89
71.58
98.28
96.80
78.99
86.68
86.69
4.78
69.84
62.36
79.71
75.18
57.68
76.99
53.03
11.15
80.60
39.03
28.57
78.17
41.35
70.83
26.29
98.26
61.97
55.65
12.57
4.91
64.35
68.66
70.81
67.06
56.06
69.10
63.86
35.06
71.60
50.55
55.65
41.44
28.74
35.37
16.63
2.24
28.18
85.47
29.21
24.60
24.51
73.59
2.78
81.67
44.43
44.88
79.94
6.40
0.54
8.33
27.12
80.70
92.81
97.92
63.58
64.69
82.84
27.44
99.74
54.45
93.80
71.22
11.71
38.36
22.41
28.33
40.60
50.58
13.81
69.80
75.18
54.13
59.21
93.77
51.62
3.64
38.65
47.38
25.85
55.00
55.71
52.96
35.70
64.34
50.89
99.27
29.03
33.73
42.53
44.60
4.00
52.16
31.64
15.71
6.34
54.04
44.03
62.75
20.44
73.65
32.55
11.44
43.60
7.59
5.21
95.22
11.22
59.68
58.42
37.07
14.68
29.95
90.02
66.20
94.28
40.91
81.29
39.14
90.46
39.65
83.73
94.45
91.80
15.37
10.16
98.13
85.22
70.01
60.89
5.66
59.48
9.26
17.10
18.91
32.66
38.12
29.95
43.88
97.79
88.36
80.94
28.30
18.32
86.78
10.32
12.60
43.52
91.60
51.73
33.98
47.07
51.28
44.25
38.87
82.46
70.23
52.83
67.68
40.24
29.54
73.34
15.54
54.61
6.26
34.44
87.27
60.19
64.38
46.97
73.81
52.75
27.91
2.11
71.06
14.69
28.24
99.47
58.20
19.84
67.03
8.00
82.73
18.31
52.25
21.60
16.60
22.48
90.24
84.27
78.53
35.60
73.43
94.06
6.04
95.50
44.33
9.13
55.70
8.71
56.09
45.33
61.45
99.81
63.25
48.33
14.50
91.48
63.63
88.52
27.14
30.66
12.34
9.87
64.78
80.40
47.29
81.37
18.70
37.53
81.47
97.22
88.95
54.90
7.12
94.98
50.41
51.44
4.11
21.93
75.96
76.01
67.25
53.24
30.50
1.57
37.80
81.01
10.48
64.93
11.67
22.82
74.80
76.45
19.04
22.09
73.64
37.74
75.43
55.11
50.78
80.20
25.84
73.71
75.18
92.06
40.97
95.10
13.99
16.94
86.93
97.05
70.17
62.75
43.37
87.55
68.89
81.16
68.57
79.36
61.91
96.05
18.00
36.71
72.50
37.04
74.61
61.97
90.59
50.05
17.08
41.37
30.25
58.73
30.91
21.26
50.79
71.87
32.18
64.77
88.80
19.12
77.64
58.97
97.68
36.83
62.35
66.57
17.99
30.92
61.76
79.90
26.97
95.57
32.43
15.30
48.43
7.05
93.08
39.02
72.91
25.98
96.21
18.98
84.71
27.12
40.23
35.50
98.98
88.23
16.10
3.62
23.17
9.56
78.40
20.85
46.39
40.75
3.25
64.37
87.48
80.82
60.09
30.28
76.39
8.35
61.39
40.65
15.39
54.47
79.66
88.29
80.44
91.69
23.09
65.15
34.63
79.14
16.48
49.44
67.37
32.57
53.05
90.53
42.12
31.45
11.38
88.50
88.02
30.44
68.70
91.32
11.26
44.61
21.60
87.65
52.95
82.98
28.30
84.15
37.45
23.78
88.26
33.72
31.30
11.36
98.86
65.92
90.49
15.34
15.36
57.86
63.72
84.22
64.21
21.67
31.50
91.40
25.99
35.34
21.85
10.51
26.66
33.10
55.12
48.26
36.57
23.89
31.24
80.68
8.05
84.51
20.29
96.30
18.23
51.58
7.66
32.91
33.32
13.97
64.07
64.50
87.64
27.79
48.72
67.67
65.27
80.21
59.08
91.26
15.55
96.74
1.77
42.21
45.66
72.70
6.29
82.23
96.59
53.34
78.73
4.64
37.85
14.84
16.76
56.07
66.41
40.24
4.81
15.56
68.87
80.05
41.85
12.48
28.77
9.52
77.75
24.81
84.41
69.01
56.17
81.15
86.59
14.20
26.82
59.30
20.48
24.87
55.89
73.82
19.42
76.34
11.67
34.26
93.09
83.56
16.49
33.33
88.36
32.04
87.53
73.05
12.09
45.20
85.52
40.86
70.53
63.27
65.66
54.95
48.10
37.65
34.70
51.85
94.55
93.99
72.32
35.24
49.88
46.14
54.66
26.22
73.63
88.91
35.13
73.01
21.22
68.46
77.19
53.26
55.99
50.24
65.34
17.01
35.76
22.02
87.53
14.86
3.50
58.30
62.95
41.15
10.23
97.64
92.99
4.78
7.46
65.31
40.02
73.15
27.28
10.50
99.36
16.73
15.23
50.32
89.73
36.44
18.78
82.74
89.69
90.58
32.98
70.86
7.59
84.55
92.87
95.11
99.40
96.37
53.42
62.36
37.52
79.46
60.00
46.33
84.23
67.46
27.46
40.07
40.61
54.73
50.56
55.80
87.27
65.78
21.94
92.82
2.23
40.71
75.56
7.74
31.29
24.36
78.59
54.69
8.92
71.47
49.80
8.32
83.66
19.04
86.49
37.00
98.49
62.32
83.32
98.55
45.60
10.78
54.44
86.20
81.33
5.01
57.82
68.60
86.60
95.57
77.25
4.65
36.28
52.81
12.39
83.38
77.17
6.80
38.07
1.91
94.08
3.70
10.22
77.74
22.73
96.71
14.74
37.05
59.03
98.05
51.42
4.63
24.66
5.86
6.65
5.99
10.86
80.29
90.40
13.29
75.86
67.65
17.93
27.97
20.47
46.13
11.35
13.46
52.93
49.42
15.36
47.01
53.11
41.39
40.58
91.65
53.92
55.31
44.52
28.77
69.19
95.93
49.21
93.84
1.80
71.68
99.82
28.47
51.97
90.22
41.75
43.65
57.88
75.50
87.43
94.16
21.63
98.78
7.62
90.37
64.02
38.79
53.21
32.95
80.17
93.78
24.60
49.92
49.09
69.12
78.68
34.10
65.05
27.90
27.94
82.66
99.57
43.58
11.14
67.36
49.63
52.88
26.83
23.33
28.38
14.27
17.49
65.83
28.87
40.92
56.20
92.88
95.52
9.41
41.65
91.51
66.24
41.43
83.92
51.18
20.12
18.02
32.06
48.01
45.96
14.72
63.40
5.36
30.76
54.98
10.38
57.58
94.12
54.57
87.66
11.61
20.40
16.53
68.34
92.42
25.23
79.68
17.65
66.87
71.20
36.66
48.94
12.63
20.58
0.12
48.56
38.59
47.99
12.39
0.37
78.53
75.78
5.73
20.20
22.36
76.52
30.57
79.94
70.65
85.14
83.42
98.07
21.36
99.95
82.24
13.78
25.18
61.92
31.43
92.05
33.12
83.90
56.81
61.57
4.48
56.92
10.13
58.88
20.74
22.52
59.25
99.26
14.12
80.79
35.28
36.48
73.13
65.85
32.24
43.78
66.81
15.66
57.68
88.16
15.61
39.92
17.77
56.61
17.66
65.01
64.48
66.60
48.91
21.29
28.17
53.38
94.02
38.29
12.26
14.76
76.62
87.32
29.84
90.74
68.11
65.12
43.04
57.07
46.79
75.27
0.85
29.42
90.92
74.34
33.40
22.36
30.08
51.16
94.78
47.74
16.17
75.08
14.34
80.89
96.36
58.32
50.09
6.21
12.43
62.35
36.79
89.05
65.49
66.62
95.61
49.43
47.56
38.65
6.50
94.34
29.74
7.34
23.76
20.66
97.50
57.16
58.83
27.58
24.14
69.43
91.13
56.13
44.51
21.29
37.02
56.69
79.60
87.11
62.90
92.03
65.28
99.68
96.90
30.77
82.12
92.51
80.19
29.69
46.98
86.68
39.85
76.71
9.85
79.43
13.19
23.17
52.41
87.84
66.56
76.54
57.27
57.70
48.49
1.79
78.98
85.51
74.41
88.44
37.19
69.54
52.69
0.31
34.82
96.32
80.32
34.47
98.82
35.99
27.00
24.49
15.42
56.00
47.65
67.82
43.84
14.22
60.19
1.12
87.73
24.50
18.72
82.53
10.01
8.83
56.94
14.27
46.02
39.20
83.80
14.53
34.18
99.93
49.34
21.67
96.25
45.48
71.95
10.90
81.47
98.94
35.39
12.71
54.95
98.85
96.35
98.78
13.07
72.36
15.72
16.62
96.85
50.25
99.15
6.87
59.08
71.91
36.95
20.92
11.12
20.76
35.44
45.29
20.69
0.61
82.78
32.76
61.90
54.73
59.47
43.37
53.68
94.85
71.90
24.45
9.54
68.25
39.05
22.60
40.61
54.77
55.04
37.46
20.84
54.19
60.14
95.73
26.10
97.09
32.47
53.03
33.67
83.73
14.15
70.17
84.33
96.92
18.75
62.05
51.65
78.21
5.43
21.15
88.89
93.14
45.59
98.42
61.39
84.64
36.84
2.00
55.23
91.87
39.45
91.88
15.42
87.62
87.98
12.51
35.91
41.01
46.17
19.64
70.97
32.16
19.79
67.89
50.90
81.84
35.37
29.11
3.09
56.51
18.00
96.22
2.11
32.24
57.61
2.57
84.90
75.42
73.61
76.77
30.69
65.49
38.66
46.10
68.93
42.46
58.60
4.85
99.28
20.59
24.48
70.26
52.74
44.27
38.15
19.46
73.51
48.57
45.01
45.85
82.38
41.23
63.77
30.45
98.83
66.33
15.35
74.25
39.94
92.11
4.94
21.25
46.59
66.86
90.18
41.28
95.02
88.33
61.87
19.50
74.41
30.43
79.58
12.56
49.89
21.51
1.90
14.28
66.51
47.74
96.65
23.56
11.51
27.10
22.39
93.65
42.44
12.46
49.41
50.38
33.22
70.65
12.79
15.90
60.83
1.84
57.17
55.85
5.99
34.86
91.17
96.21
65.29
86.57
8.77
31.00
23.91
26.48
45.27
90.41
74.21
57.74
29.80
1.54
0.67
52.18
95.18
58.92
80.46
60.41
25.12
29.50
31.07
37.91
45.39
91.89
55.56
18.38
63.57
77.36
53.24
70.56
73.57
18.53
57.13
82.33
65.34
96.85
24.64
26.43
87.27
98.84
84.16
17.07
16.21
0.65
85.06
27.21
59.57
81.34
87.62
0.51
26.66
18.69
38.41
87.86
26.40
93.96
6.25
5.79
71.32
59.48
76.34
44.89
93.82
49.30
43.05
59.16
46.15
83.50
85.58
49.24
98.16
85.56
82.12
14.37
2.04
83.01
41.58
61.60
80.17
45.02
77.92
6.84
63.70
16.34
10.52
5.92
10.30
16.76
11.71
97.44
92.05
88.04
58.15
85.87
53.16
17.02
60.85
99.31
0.52
62.25
48.55
98.68
47.82
46.50
28.87
49.85
29.51
86.26
27.27
9.68
31.28
5.19
32.33
10.80
37.34
16.72
63.46
59.60
28.42
60.90
67.48
32.28
34.87
53.35
85.44
67.71
14.21
84.75
84.04
76.45
49.12
98.54
40.09
95.61
27.42
5.76
40.94
13.68
48.84
50.62
44.96
54.03
82.94
55.75
91.36
25.79
88.28
70.64
1.22
16.70
31.54
68.69
48.98
82.23
37.86
50.24
49.94
67.88
34.99
33.98
60.16
99.92
32.53
0.25
11.37
75.76
6.01
52.30
89.43
54.84
18.74
50.21
24.69
1.69
21.79
31.88
43.29
25.89
2.52
60.32
42.59
49.88
44.83
7.39
47.93
82.69
97.86
50.57
8.43
47.66
26.55
24.17
96.00
26.80
35.53
71.76
48.62
3.66
77.02
19.28
22.39
43.05
43.97
39.89
80.65
91.66
99.00
6.55
94.17
59.32
64.95
59.87
19.98
88.15
7.80
2.67
61.59
21.48
69.05
70.01
69.14
95.60
10.00
80.96
38.22
61.35
52.73
86.83
65.00
45.57
6.11
87.38
88.61
65.89
43.10
85.09
57.55
42.10
91.63
67.55
1.42
72.40
27.42
21.39
60.55
51.04
39.87
22.14
72.51
24.75
7.97
57.47
36.17
17.96
38.44
74.38
79.30
91.16
77.03
60.12
36.73
83.13
47.51
41.16
64.85
6.43
26.25
22.40
48.52
33.70
89.94
65.75
6.10
33.19
2.97
82.46
84.22
58.65
4.60
72.55
83.39
28.38
30.03
19.56
62.16
68.46
9.76
41.46
75.44
86.78
17.41
27.99
85.74
64.91
69.14
50.59
71.33
11.22
88.80
35.67
60.73
94.57
1.42
66.83
43.58
20.20
65.11
27.80
78.85
69.71
16.17
62.24
13.91
46.19
97.62
76.06
30.47
23.20
33.35
5.91
25.81
50.75
33.89
27.37
31.48
18.86
93.77
18.63
30.07
82.57
54.29
6.62
92.96
71.52
73.44
36.54
91.72
38.56
80.15
70.57
24.09
96.32
48.63
53.81
58.33
29.88
88.80
85.27
63.22
94.70
11.08
29.79
44.42
38.44
61.26
63.27
48.03
79.88
9.16
30.60
49.99
15.77
23.57
21.51
5.04
75.92
29.05
59.41
56.08
99.61
99.31
68.22
48.25
53.12
26.55
26.14
98.81
15.35
11.41
77.85
25.88
38.30
7.64
70.29
68.89
49.38
40.58
64.59
74.35
87.00
30.40
90.11
10.57
51.91
10.97
2.31
96.77
70.37
58.38
96.39
85.50
26.60
60.46
38.63
68.97
86.59
37.44
84.31
13.83
31.12
26.01
52.12
38.75
96.29
44.68
23.47
61.49
1.08
3.88
35.84
88.07
34.28
41.78
14.46
2.01
52.74
16.77
98.77
38.94
90.96
10.99
24.44
33.39
71.44
63.06
2.36
73.86
16.33
2.49
87.68
47.44
28.50
55.62
2.01
40.61
16.12
25.47
17.93
17.20
45.17
53.76
5.27
79.44
95.53
19.73
81.44
48.28
52.31
96.03
87.21
43.27
7.03
27.47
76.65
94.28
6.36
94.82
83.96
22.68
97.31
71.64
85.93
41.63
43.09
3.76
98.05
59.20
29.23
15.98
76.39
74.39
69.74
97.48
69.65
81.09
17.21
66.91
29.37
69.51
62.94
32.40
28.60
85.78
59.87
21.08
80.07
66.22
15.90
64.03
4.72
29.03
51.50
6.47
70.65
94.58
10.22
68.71
53.78
55.26
0.51
46.00
45.47
70.24
43.48
30.94
51.34
76.50
97.84
96.52
61.83
76.61
44.75
90.42
62.39
4.62
11.50
58.28
86.65
27.40
38.14
7.19
72.24
5.46
13.65
42.90
15.86
39.68
27.43
85.45
94.94
27.93
31.45
56.23
14.00
90.74
87.17
81.15
67.24
85.01
93.49
29.07
77.44
38.24
19.50
39.84
58.67
46.81
13.94
61.14
90.02
52.07
68.32
62.27
57.52
97.78
20.99
73.37
37.47
48.41
58.83
48.23
92.15
6.10
20.28
21.97
96.84
7.45
3.12
64.08
8.29
12.44
8.98
85.72
66.49
44.29
41.38
25.17
91.09
55.32
2.13
81.12
7.39
70.45
59.21
80.73
84.05
80.19
69.92
21.52
28.60
44.57
85.56
36.57
66.49
5.85
58.54
63.33
29.11
77.47
43.23
37.39
89.90
52.20
38.94
56.40
96.48
97.38
3.41
35.63
99.50
0.35
58.84
85.77
59.55
39.57
85.65
39.74
25.31
7.17
84.15
85.70
8.56
36.54
52.19
14.40
95.07
31.34
43.50
72.55
74.56
96.71
78.27
42.59
35.65
34.67
54.89
15.96
47.87
58.29
67.41
63.20
58.63
26.25
64.79
18.18
81.63
50.44
73.73
6.94
73.43
73.70
92.63
81.98
10.25
60.64
12.20
5.32
91.97
71.51
93.68
82.36
68.22
87.78
24.95
19.69
38.27
79.83
51.47
86.14
38.13
18.88
65.16
12.58
45.12
29.95
30.76
26.75
80.39
20.31
49.50
53.82
94.01
57.96
51.62
20.08
18.60
63.81
41.21
26.40
51.14
34.90
8.76
19.37
22.68
33.70
54.87
60.94
29.35
6.34
62.90
67.47
25.21
28.06
80.05
70.32
58.01
26.63
97.06
54.22
62.75
62.39
8.04
56.76
20.35
75.47
38.94
39.28
18.05
65.33
90.41
68.76
89.90
25.60
7.26
23.60
80.47
84.01
52.95
2.63
46.92
36.24
27.84
90.79
32.11
98.15
64.62
74.55
11.05
18.84
37.31
89.25
42.69
9.89
9.60
18.16
2.55
64.35
73.25
36.41
45.51
79.49
5.17
35.41
20.91
28.24
74.83
17.20
12.25
43.60
19.83
74.98
95.65
47.66
81.60
27.77
61.63
46.22
18.14
88.49
65.06
55.44
77.74
23.57
65.33
3.16
41.73
67.87
67.51
30.80
4.28
28.84
10.29
25.26
64.24
47.02
53.49
54.89
64.21
81.55
98.48
84.03
72.36
9.97
47.51
53.96
37.73
9.15
16.00
71.68
13.46
96.87
27.13
7.03
20.45
8.28
10.18
77.99
91.96
93.50
8.79
12.06
22.34
34.90
37.31
2.41
81.91
6.62
57.29
61.94
3.99
71.60
45.98
76.34
81.56
9.31
46.12
35.11
18.45
62.12
6.79
47.73
58.99
49.73
54.75
95.25
73.82
80.74
73.24
65.78
74.25
97.85
77.83
96.58
48.57
30.96
14.81
30.48
53.39
87.92
8.24
57.38
59.52
54.21
49.54
56.90
63.52
95.66
7.83
97.78
73.60
30.43
61.33
48.41
95.98
16.08
43.67
69.80
12.65
32.73
51.41
86.89
30.58
45.06
99.29
79.14
76.02
14.11
25.44
17.85
33.68
2.61
77.36
3.71
52.15
50.08
83.04
63.63
57.90
96.65
53.05
4.15
57.98
17.28
0.13
89.88
60.94
69.93
2.53
93.67
21.34
89.41
40.07
66.39
4.53
19.22
58.23
34.45
44.65
3.47
52.29
94.14
6.07
45.47
97.85
74.03
96.71
53.48
69.26
93.36
22.35
73.41
51.35
39.63
73.53
57.05
0.57
59.28
59.57
10.06
96.43
64.80
50.13
78.65
69.32
85.16
36.88
19.60
45.63
40.34
71.88
39.78
62.23
17.36
53.45
52.08
28.72
50.16
21.39
97.98
59.35
43.73
87.21
26.52
83.35
60.74
83.56
99.74
35.85
58.95
9.80
32.28
23.75
75.74
10.93
8.89
60.90
63.63
28.48
6.54
19.79
16.19
46.31
82.01
33.54
15.58
49.92
78.07
81.55
71.30
76.05
40.90
15.03
79.08
67.41
14.21
55.65
66.79
13.95
25.74
23.74
23.77
49.48
15.31
50.52
74.19
76.20
14.15
18.49
82.73
33.93
34.67
44.86
31.77
84.02
60.43
97.50
62.10
41.99
68.80
53.97
98.70
99.64
33.06
66.12
13.85
88.70
32.91
27.79
80.19
74.47
67.35
19.78
23.95
82.65
86.11
13.96
58.85
0.26
32.45
57.41
67.11
18.09
81.77
66.96
78.52
95.09
29.06
36.33
63.89
83.02
50.85
79.35
31.90
16.97
93.20
20.60
65.70
36.81
16.61
40.17
19.98
52.21
79.93
2.63
38.32
93.89
77.30
54.40
42.16
50.53
4.41
25.09
68.61
2.00
92.04
62.95
97.08
21.10
99.27
76.79
19.95
50.13
56.14
51.84
82.91
49.34
88.26
64.43
1.98
20.69
20.42
21.95
72.89
16.18
40.40
11.22
25.89
17.70
65.61
68.04
84.04
85.83
93.12
52.65
3.65
85.17
15.61
0.73
22.09
30.70
77.51
57.85
96.64
49.47
9.70
95.38
98.81
13.78
59.81
16.61
34.46
96.05
38.55
7.36
12.23
78.94
34.39
53.93
12.46
15.82
21.97
96.49
1.65
30.91
49.15
21.11
31.90
80.57
21.83
53.99
11.27
15.16
27.66
23.74
64.62
37.35
19.12
79.25
66.94
94.74
95.85
1.41
90.79
50.23
24.58
18.84
29.17
74.78
72.76
57.45
90.59
10.55
53.94
8.06
41.46
18.91
29.16
73.35
15.30
66.80
43.16
42.39
81.95
70.82
66.12
62.39
23.99
85.23
41.65
6.76
79.97
37.50
23.98
86.59
3.55
48.55
5.43
32.72
23.33
78.19
5.99
29.74
88.73
75.74
37.79
46.01
10.48
66.94
25.77
49.56
94.16
68.15
31.51
64.98
34.27
93.89
4.80
35.32
51.36
27.37
15.30
4.69
51.34
1.89
8.23
99.88
23.13
56.76
39.03
17.14
62.74
68.76
5.88
38.49
6.55
67.70
48.96
89.30
2.89
90.54
38.86
97.05
58.70
86.18
77.85
8.79
95.89
98.46
44.11
47.26
25.83
75.22
51.94
77.16
92.92
60.16
92.86
16.05
32.75
31.89
33.19
95.48
16.47
54.88
49.79
38.83
22.58
14.57
28.13
25.47
5.12
82.80
38.34
63.81
84.80
16.19
88.41
80.70
14.66
32.52
43.78
40.48
7.74
95.71
33.47
0.66
71.69
26.33
16.71
4.44
74.04
65.71
15.75
90.50
20.59
65.53
29.34
43.16
95.92
73.28
84.44
1.04
71.91
22.78
80.66
72.53
54.79
69.07
69.05
69.44
1.60
12.83
25.74
25.15
24.36
75.02
25.81
96.05
17.18
58.33
16.31
91.21
24.04
47.87
97.53
60.44
29.23
42.69
19.42
25.15
31.80
3.87
26.18
3.71
42.46
22.66
92.05
97.24
91.72
61.11
82.50
9.14
73.93
24.07
34.29
98.29
99.08
75.91
10.17
32.08
50.06
42.29
23.29
89.91
90.16
36.65
50.35
19.39
79.33
69.76
44.53
11.13
89.44
86.52
30.65
31.91
9.18
22.71
44.97
16.72
99.63
27.48
25.86
73.56
67.36
75.96
87.67
66.44
51.87
13.66
98.52
1.93
71.77
37.63
7.66
77.75
74.27
58.00
97.13
69.43
27.76
57.48
80.55
17.21
59.82
27.03
64.93
68.99
65.55
9.90
1.53
65.18
53.19
27.38
38.74
20.55
3.34
42.24
2.82
71.02
71.71
17.16
88.76
43.48
54.78
96.41
21.23
44.88
70.23
34.18
30.13
97.99
7.48
10.68
31.02
67.29
53.52
11.77
52.10
19.07
21.66
53.63
84.24
90.67
96.82
38.81
11.22
0.17
96.86
14.03
87.00
68.57
31.18
91.59
27.88
1.79
88.00
64.92
62.48
58.24
14.93
92.60
72.05
22.40
19.10
18.89
5.52
88.44
46.47
57.61
7.51
83.94
27.06
91.75
74.61
23.89
46.38
85.83
39.87
43.24
15.68
26.87
27.63
46.86
18.46
71.32
64.46
22.29
36.25
42.76
96.34
51.17
51.18
84.21
89.38
86.09
18.92
94.89
74.53
65.38
68.33
82.04
49.32
95.38
89.61
23.94
19.27
35.99
9.77
59.13
95.04
41.26
86.00
22.67
88.11
20.28
93.99
68.39
58.38
46.06
26.97
54.72
13.05
78.14
54.75
2.43
80.06
73.66
13.15
54.59
54.86
81.47
52.45
4.19
76.85
42.06
43.94
96.12
93.86
69.52
71.07
88.90
10.78
57.07
27.40
14.72
93.17
21.39
98.92
51.55
67.44
25.90
22.10
80.48
19.86
76.84
98.72
99.91
66.33
11.87
54.51
21.19
93.33
6.96
41.19
70.19
64.84
85.12
82.13
58.70
70.46
53.20
47.61
81.24
26.10
75.00
11.78
35.09
12.21
10.70
86.63
95.46
36.59
24.55
91.76
72.27
17.22
90.48
72.18
99.36
2.36
42.51
20.55
95.68
65.29
77.56
81.69
30.13
78.50
79.64
4.65
48.97
32.85
68.07
46.03
74.76
58.89
57.80
9.85
71.09
68.49
12.30
66.55
20.91
36.85
58.31
93.17
69.88
64.62
81.17
69.24
66.97
23.69
5.61
78.47
88.97
83.16
75.99
34.92
77.49
55.63
39.56
26.46
4.30
7.64
88.30
79.05
66.52
46.10
4.72
53.44
30.41
17.02
35.81
67.13
69.68
9.95
60.30
39.56
74.56
41.48
24.62
57.35
80.98
30.22
35.82
85.77
29.21
27.63
20.69
6.70
99.08
76.06
48.97
19.20
99.51
37.27
98.25
66.04
99.18
18.79
35.30
45.41
35.80
71.10
12.55
21.30
81.04
72.84
60.85
55.60
30.14
1.29
12.95
26.94
31.51
64.59
12.71
76.53
8.04
49.21
83.22
7.12
25.28
48.01
26.32
24.79
1.10
40.39
6.65
0.28
59.17
41.94
10.80
13.05
74.04
32.09
9.91
62.71
8.77
81.33
92.84
10.05
94.27
35.61
57.37
74.68
48.31
33.90
98.54
13.35
32.94
5.66
54.44
80.94
47.79
79.22
82.03
88.17
1.70
98.12
63.17
59.45
59.63
89.78
72.49
33.67
98.22
12.20
46.45
79.55
5.05
72.32
89.64
56.47
29.69
64.33
4.78
79.41
62.87
18.12
12.35
84.34
72.55
93.29
32.14
67.60
91.14
36.13
85.11
5.10
99.29
44.56
64.72
89.07
32.88
14.21
26.77
31.10
26.41
73.21
10.65
47.27
61.35
0.29
3.74
91.04
80.43
24.33
70.45
59.12
58.27
82.79
59.29
46.64
91.90
91.42
14.24
98.87
43.37
15.17
3.97
58.49
59.73
84.50
63.38
8.43
98.70
90.14
39.52
40.93
79.18
88.19
40.53
82.08
7.75
47.39
78.34
32.08
17.84
53.28
90.34
16.46
12.57
36.98
24.18
19.81
67.04
38.87
63.18
82.20
42.83
21.67
57.75
43.15
85.04
66.17
41.86
91.01
21.51
98.60
86.01
3.31
86.80
42.36
1.22
94.54
89.75
79.55
42.44
23.41
48.65
32.78
55.68
61.22
69.76
95.68
81.02
52.62
34.55
44.20
34.82
93.20
81.68
8.40
36.35
66.73
90.38
94.02
73.56
27.72
8.46
59.57
46.84
95.25
1.93
48.05
5.62
7.50
43.42
48.06
46.73
92.07
96.65
2.41
69.11
66.41
13.91
50.13
34.85
48.46
10.16
85.49
57.48
91.83
93.88
9.65
74.38
0.09
19.50
47.94
27.80
27.95
23.33
74.64
39.02
41.08
38.51
60.45
48.57
81.93
8.51
95.29
89.82
20.99
13.53
58.93
87.39
27.43
24.88
38.07
91.70
35.03
23.56
49.18
26.87
17.44
74.65
1.25
17.52
94.14
65.01
61.14
22.09
88.33
35.78
76.92
45.23
90.10
37.37
93.80
87.85
61.70
4.92
77.67
82.68
34.26
52.42
85.89
77.30
23.96
53.39
12.33
47.51
18.40
55.01
80.76
93.04
72.08
98.28
3.01
37.09
75.24
40.91
41.24
26.84
17.83
86.47
16.94
55.19
96.09
4.80
32.71
1.01
98.28
15.39
35.27
50.71
17.11
12.78
28.01
41.06
81.98
40.33
4.40
16.20
95.34
85.15
9.24
83.24
99.25
28.06
20.33
74.49
68.96
77.38
1.33
86.78
79.67
18.27
57.80
75.76
38.88
90.50
92.59
37.16
21.72
43.68
87.86
38.82
56.45
31.69
95.69
54.25
72.02
0.09
70.45
83.18
85.24
79.68
82.24
0.32
7.75
2.57
74.81
92.52
95.76
91.95
79.31
75.44
26.04
52.93
51.20
64.91
43.43
59.61
17.90
80.96
3.29
5.76
19.78
75.55
53.27
31.30
29.81
41.11
31.38
0.26
24.29
32.44
95.75
6.53
32.76
19.32
24.91
23.39
11.85
36.49
15.34
91.15
27.75
41.38
44.08
94.77
6.29
3.33
54.38
40.00
84.29
57.67
61.58
19.89
33.22
14.85
51.18
63.02
55.95
98.38
79.09
96.05
46.64
74.85
18.40
79.39
94.16
59.12
2.78
6.01
95.60
33.94
12.98
23.36
75.31
57.05
18.13
97.41
76.20
72.50
37.42
76.31
45.99
98.99
96.19
95.03
13.84
63.20
73.87
85.60
77.40
52.97
81.65
24.04
27.82
0.05
3.44
21.98
59.16
22.03
43.81
70.58
55.96
56.78
93.93
47.09
29.66
27.88
44.51
5.86
16.21
81.92
82.16
62.19
96.73
94.17
73.04
26.39
73.19
46.92
11.99
50.59
99.88
93.63
74.63
43.52
9.50
93.88
81.31
68.65
31.73
25.12
39.23
87.69
97.72
48.99
34.78
27.38
92.68
95.10
49.05
8.89
92.84
47.03
86.90
89.57
57.02
59.94
31.78
30.22
22.68
43.76
96.62
22.56
53.21
87.07
81.89
78.52
80.95
63.21
62.99
12.69
4.15
18.05
16.20
1.87
67.03
66.79
45.06
59.71
61.90
9.93
84.42
54.74
56.95
71.32
60.14
29.80
47.08
7.74
60.01
69.76
67.32
72.45
8.14
20.53
59.53
90.03
14.88
56.30
69.06
77.86
84.80
89.02
95.90
1.00
6.72
62.93
83.61
51.77
38.47
61.33
61.70
22.89
31.89
34.47
10.03
92.02
64.26
57.10
99.76
40.09
26.86
67.08
12.55
50.82
3.43
87.89
40.85
18.30
44.19
25.73
11.99
29.00
14.75
7.89
45.81
21.46
86.64
29.42
89.05
40.93
6.57
50.75
63.81
38.46
1.04
89.65
46.30
81.12
46.75
46.06
21.21
89.43
28.96
49.57
40.25
48.21
37.46
96.91
82.32
81.65
22.64
94.30
26.47
53.20
18.02
72.27
74.66
4.66
17.52
63.71
61.40
24.08
30.28
41.03
78.35
47.13
30.68
24.66
28.25
93.24
86.53
49.46
82.67
31.32
14.85
38.74
79.52
52.31
35.65
77.66
49.78
74.10
87.79
76.24
27.31
5.81
64.33
17.79
26.28
81.84
81.49
87.67
21.75
27.59
28.70
0.10
74.71
75.19
40.57
2.97
68.43
27.11
68.24
66.93
58.42
83.08
5.67
53.76
35.39
57.14
47.24
0.99
31.24
35.03
77.22
74.36
56.65
57.38
92.14
98.74
55.04
89.45
86.41
92.60
17.04
30.93
8.53
91.75
6.12
49.09
10.54
90.37
76.19
78.77
57.30
50.43
61.85
62.96
20.01
13.07
20.10
67.25
29.87
67.16
2.28
7.10
41.52
74.75
80.29
49.49
73.49
35.33
38.94
59.91
27.94
71.80
6.66
36.46
63.55
28.60
85.54
89.90
18.97
77.56
68.67
76.26
43.81
46.34
39.22
63.82
75.22
75.14
46.89
5.10
42.30
64.98
28.01
99.63
39.73
8.30
64.94
13.23
59.44
3.89
88.95
87.37
75.68
95.60
39.65
55.05
24.20
41.02
60.77
58.98
29.44
35.24
78.20
91.59
90.28
57.84
66.82
65.42
4.73
87.73
23.54
69.71
15.74
38.99
25.26
39.85
3.94
38.48
99.28
23.64
27.43
2.49
15.14
38.86
42.13
70.18
78.87
98.96
30.95
37.86
33.36
76.20
88.91
11.57
83.61
79.19
85.22
66.25
60.43
5.78
53.98
99.78
91.30
85.53
38.78
16.56
41.20
58.53
55.04
56.31
82.16
98.28
58.79
97.29
37.14
16.74
83.29
16.02
15.71
30.06
69.69
49.06
22.08
58.60
76.44
5.69
37.80
77.49
71.94
98.22
83.26
41.74
98.01
74.56
43.10
52.61
91.11
84.29
11.14
61.97
40.60
9.12
60.26
15.21
6.41
97.39
31.95
5.52
29.23
63.47
35.57
98.91
28.35
57.64
73.34
4.80
79.14
26.96
82.28
66.90
25.18
81.36
24.47
39.01
71.74
67.56
7.44
78.67
67.67
34.39
40.65
8.28
43.50
16.73
39.30
65.72
29.94
87.06
71.23
59.17
50.53
6.80
73.90
78.88
80.25
63.06
99.49
75.22
90.01
97.59
42.12
31.02
78.95
82.40
85.84
50.69
49.96
93.28
45.18
17.64
27.67
85.82
41.73
86.99
18.37
96.84
52.71
48.31
83.91
23.95
23.30
34.44
46.56
13.02
29.14
26.82
76.08
28.63
17.86
66.09
26.22
75.79
97.10
5.17
58.20
82.95
71.67
8.16
92.05
32.68
41.61
35.54
34.32
99.15
22.53
52.69
96.00
75.24
1.00
95.73
99.18
24.29
30.17
45.74
37.30
59.31
88.37
29.20
87.93
6.23
95.29
14.16
82.02
8.22
35.14
40.22
91.16
22.64
64.19
99.03
55.31
21.63
34.58
89.62
36.60
57.10
42.31
48.42
32.34
59.12
44.15
47.34
99.22
74.32
93.08
52.35
49.45
97.27
81.54
53.20
3.51
92.65
83.17
1.35
0.88
34.14
57.38
7.86
56.77
37.39
6.90
27.90
74.83
41.47
33.34
11.44
98.56
91.47
59.85
46.73
50.59
4.01
94.06
49.82
94.14
2.97
17.99
59.41
0.25
99.52
12.61
19.57
92.18
11.61
20.91
93.05
45.74
94.10
16.73
18.33
31.49
23.62
46.22
6.33
65.08
95.37
33.58
79.47
86.84
93.42
26.20
53.26
13.25
36.08
18.90
7.39
39.05
36.88
82.61
55.11
52.22
95.22
74.67
44.40
6.83
11.40
53.27
68.38
5.50
70.00
86.70
52.80
9.44
48.74
74.94
90.34
59.93
24.34
69.81
46.78
17.77
11.83
0.04
46.83
63.72
34.75
70.04
2.77
71.62
52.65
57.87
23.84
47.87
48.36
84.06
70.51
59.75
53.15
54.71
81.06
38.97
57.23
49.69
48.41
5.97
40.45
38.75
81.72
64.79
24.38
28.50
98.37
36.20
44.35
45.20
99.91
79.09
15.24
18.51
66.53
67.89
92.19
6.19
31.58
40.56
90.24
17.92
0.31
59.22
88.44
97.19
98.18
45.68
62.70
46.59
67.46
3.15
1.16
49.18
67.93
25.53
93.49
82.12
77.54
37.84
27.33
93.28
32.75
58.38
11.79
15.10
42.09
3.98
21.29
89.49
60.35
27.35
23.23
76.48
86.56
11.67
73.67
84.75
57.34
36.37
47.16
24.81
55.33
48.32
89.80
39.09
73.84
83.30
21.21
51.39
36.96
64.35
44.67
85.53
38.56
72.27
0.63
80.64
92.06
37.73
70.13
68.24
65.08
93.35
44.72
67.46
20.85
34.21
68.03
78.18
86.39
15.20
18.81
41.72
63.51
8.62
7.74
17.84
4.56
44.69
98.00
65.04
46.04
36.56
53.13
62.49
33.03
61.02
0.22
18.98
29.26
81.11
28.16
73.97
48.58
49.00
8.18
32.43
43.00
10.39
61.81
52.10
11.13
48.73
64.30
9.80
82.38
84.67
70.30
80.38
65.54
16.35
32.77
18.67
81.61
95.50
94.86
0.59
24.76
75.98
44.56
14.55
40.38
93.55
22.72
72.80
52.38
33.10
36.25
14.19
1.03
47.37
16.25
65.57
27.49
26.04
47.95
27.99
12.16
44.15
93.52
28.50
92.73
28.01
23.15
74.34
39.34
18.02
90.75
64.09
9.82
35.31
78.64
50.19
44.69
17.18
38.81
97.06
66.10
75.05
27.07
82.94
38.25
43.31
48.51
81.55
85.16
12.28
9.54
97.31
56.42
18.88
41.64
64.98
62.71
64.78
39.32
2.05
98.61
45.89
81.95
8.43
81.20
60.59
74.43
25.89
77.77
29.07
22.95
59.69
19.94
42.63
58.18
9.14
91.13
55.56
10.12
3.41
80.91
23.25
75.64
15.62
80.70
40.62
78.32
95.76
96.18
59.92
41.65
78.13
84.17
38.67
54.55
74.42
64.55
48.14
3.49
3.32
7.83
23.43
69.14
50.45
97.42
94.09
57.40
68.80
4.21
76.62
49.72
43.28
52.26
65.33
23.98
8.71
59.47
85.28
20.29
71.47
61.03
61.93
65.42
45.20
16.43
19.97
35.44
80.97
68.10
38.93
0.12
91.74
78.17
85.07
58.01
91.41
79.17
15.41
60.22
99.19
7.85
25.76
42.47
60.11
6.91
66.45
84.63
66.37
67.55
4.92
53.66
44.40
82.66
19.08
5.42
14.91
54.87
40.86
95.88
38.79
79.78
11.82
30.54
73.77
96.88
4.37
65.18
76.05
19.78
41.22
75.25
43.44
66.97
33.54
3.55
73.87
15.81
4.00
56.06
83.36
24.73
25.54
27.76
60.44
33.18
38.12
15.31
89.85
49.82
69.91
85.45
61.63
0.45
59.22
74.34
20.64
40.22
66.21
56.23
97.26
41.46
99.66
64.23
90.82
19.04
53.93
6.63
23.03
25.81
89.98
63.58
67.17
33.57
86.79
27.61
82.56
24.91
58.73
72.41
74.73
28.64
57.86
52.18
29.09
32.90
26.52
49.72
73.11
92.73
21.77
70.37
21.43
50.43
40.83
40.46
20.18
63.28
63.49
61.80
69.08
27.07
28.97
2.65
29.68
56.57
1.03
54.58
31.12
89.25
45.13
59.76
62.93
13.14
4.67
95.82
55.47
70.20
84.76
64.02
91.96
70.95
14.04
13.39
21.38
70.68
53.85
57.37
49.78
17.34
19.18
18.87
60.22
63.96
37.33
89.89
36.36
38.36
60.29
67.47
43.43
5.43
27.23
6.37
18.56
31.89
2.19
74.02
2.09
86.94
38.05
94.04
57.90
67.90
7.44
95.09
54.40
61.28
68.29
4.19
94.43
87.46
38.87
67.24
76.19
60.36
3.60
30.37
20.65
71.07
73.80
41.89
14.12
80.16
76.26
46.01
82.34
66.11
63.91
85.11
19.98
57.96
58.83
87.87
81.21
69.74
58.09
58.31
38.03
78.09
52.74
41.31
16.96
23.21
8.56
93.15
99.38
27.97
23.52
35.85
99.03
97.31
93.56
28.98
93.29
69.82
90.80
91.46
35.93
54.71
76.57
55.90
28.49
51.22
59.59
9.70
20.96
33.51
83.82
74.81
11.60
36.56
16.12
44.38
75.58
24.67
53.35
90.78
52.64
76.86
26.64
67.49
90.00
20.20
12.29
83.29
5.84
3.09
74.75
41.77
57.80
67.14
13.49
2.11
34.18
88.90
27.63
55.14
22.41
11.45
45.77
49.82
48.01
10.02
39.41
2.38
63.36
30.20
70.83
40.23
72.65
54.14
46.05
8.67
66.43
45.16
14.50
69.51
35.74
72.08
43.13
18.70
1.40
45.24
52.88
90.29
72.86
23.84
28.52
84.30
69.60
94.15
48.13
47.30
4.18
3.37
49.67
67.53
49.38
36.32
23.58
22.03
90.46
85.44
56.89
30.61
61.00
42.22
82.16
48.91
85.35
0.86
50.30
46.41
53.73
56.41
35.09
93.38
0.75
35.21
78.80
94.89
83.34
14.89
2.53
75.77
51.90
27.92
21.82
73.92
18.38
7.27
36.25
91.08
37.87
13.07
33.30
20.03
61.97
34.47
36.70
28.09
96.69
6.26
0.32
31.78
99.63
1.06
82.81
78.44
11.78
66.15
4.55
26.66
84.49
24.90
36.39
24.05
46.72
26.13
58.24
53.98
62.37
49.32
7.67
75.43
98.44
43.51
53.23
48.73
80.20
81.31
45.43
86.45
97.45
93.02
1.92
98.50
75.83
80.35
26.10
57.80
0.72
68.58
42.29
96.84
9.30
78.67
36.72
56.01
4.80
94.95
25.81
82.98
60.10
49.29
58.42
74.36
8.62
11.65
23.09
88.82
8.78
84.33
91.09
6.23
77.36
93.00
20.56
69.01
89.17
46.65
26.82
89.88
31.05
84.92
2.56
40.35
63.60
39.27
12.18
84.21
50.04
37.99
67.20
25.96
3.10
41.44
0.32
11.72
68.90
23.41
16.36
77.67
7.74
7.45
99.72
0.92
16.28
20.28
69.93
21.27
82.74
96.74
11.16
29.62
81.66
13.71
69.96
61.08
68.79
82.13
61.12
34.65
35.94
44.14
60.61
54.86
85.57
60.92
66.57
54.47
0.15
98.74
47.96
7.89
22.01
63.50
8.80
54.10
99.59
78.72
75.37
82.34
91.28
86.52
27.78
88.77
16.05
97.73
65.67
84.83
95.68
26.79
35.30
47.45
70.92
95.90
2.31
56.49
72.65
84.69
26.78
72.79
99.25
90.56
80.67
21.26
69.88
5.30
75.36
69.48
99.83
50.73
67.64
91.12
37.25
95.41
95.71
69.11
8.97
61.38
69.76
4.65
88.17
5.06
67.91
74.91
0.97
86.03
31.41
73.61
70.72
74.00
62.22
69.97
80.38
42.90
7.06
50.27
64.01
82.41
19.75
63.84
48.96
87.38
70.78
86.20
98.61
66.49
71.13
7.58
27.88
40.89
28.04
31.87
45.94
95.95
6.78
62.72
81.98
54.00
52.15
68.53
43.83
14.38
54.32
40.03
73.09
61.37
90.29
37.10
59.60
25.86
0.94
8.56
29.06
71.72
10.58
27.67
38.21
81.70
51.06
81.90
38.41
79.10
29.59
84.35
90.87
36.37
62.89
72.85
6.19
15.05
57.20
29.42
27.35
90.04
18.33
4.54
96.15
64.14
37.84
56.35
88.51
66.89
43.89
99.09
10.39
97.92
96.61
77.26
95.64
35.03
56.36
25.24
35.20
47.23
61.60
98.08
35.91
83.60
13.13
93.10
33.62
58.36
20.45
39.48
76.68
24.99
51.45
47.92
4.95
89.28
20.10
93.45
72.00
63.98
8.37
82.38
61.90
20.81
59.64
57.55
55.83
31.83
82.78
6.85
79.05
60.20
4.93
30.78
59.62
33.88
23.89
93.23
8.06
60.15
48.53
84.74
0.96
99.98
48.48
5.90
89.26
68.57
15.18
61.26
32.56
39.36
59.46
10.28
60.16
34.93
67.82
15.99
66.75
66.42
22.83
61.62
42.44
43.58
8.23
2.07
77.45
47.93
11.12
85.50
8.08
59.65
86.06
24.86
75.45
34.55
46.57
64.71
18.94
61.74
41.80
51.49
1.11
17.08
77.59
77.08
52.00
45.41
8.90
34.57
27.66
31.72
12.02
85.91
91.11
20.24
3.80
68.56
68.16
14.92
69.89
92.05
90.38
71.77
16.91
81.65
6.32
63.48
46.36
41.08
41.04
3.98
92.56
57.96
21.06
70.15
35.05
73.05
31.39
43.94
23.45
74.86
91.47
35.46
76.59
82.59
71.51
80.39
66.97
55.49
11.13
52.68
47.54
17.33
24.46
80.27
98.97
46.59
59.57
61.15
87.66
0.61
65.13
96.05
74.39
2.01
82.02
9.44
90.87
13.41
69.19
14.32
4.09
76.48
65.59
80.68
59.07
37.10
76.89
41.87
8.41
88.01
10.37
55.95
5.34
34.82
36.22
20.13
97.23
95.78
81.27
0.72
12.21
62.22
96.76
86.59
64.22
78.79
11.85
55.10
8.02
96.85
85.23
12.11
73.34
50.83
8.61
48.23
3.75
85.49
90.09
12.16
89.32
83.92
94.65
66.92
35.96
30.60
64.15
47.56
27.69
64.87
59.76
89.91
77.45
62.18
69.95
56.24
89.84
40.87
64.26
86.70
92.18
60.04
92.75
16.61
8.27
96.49
2.10
14.19
24.47
91.41
30.47
8.39
1.89
13.21
44.34
32.48
77.36
91.89
75.98
58.05
67.48
65.89
35.50
45.48
51.67
91.74
35.32
92.53
71.82
37.84
34.46
79.82
13.70
27.21
96.42
21.97
39.53
98.51
51.97
63.99
5.75
98.25
88.20
7.63
11.46
48.36
55.92
4.64
40.26
31.90
62.68
23.56
13.62
98.18
69.03
81.10
5.75
20.17
73.63
93.38
58.01
23.92
73.20
71.70
51.12
69.62
9.49
90.64
83.95
77.27
70.46
5.52
75.52
58.66
28.96
2.81
7.02
84.87
7.44
63.09
32.59
85.94
86.64
62.02
84.12
71.49
43.12
5.69
91.66
32.58
99.06
65.49
56.49
72.26
53.01
23.43
57.70
62.50
14.08
57.47
39.77
84.53
78.80
31.12
59.01
7.76
49.74
66.02
8.45
72.99
44.94
56.85
58.93
31.58
18.88
58.87
18.90
77.81
80.37
26.38
26.21
79.43
91.86
98.51
67.51
44.87
21.95
41.03
23.19
51.84
14.32
78.78
36.37
93.11
25.72
11.20
16.69
91.27
77.21
25.13
64.26
37.97
81.98
39.02
69.55
16.68
13.71
4.27
10.31
94.08
30.64
52.34
89.33
38.32
50.85
72.67
99.00
72.79
13.70
22.20
40.45
43.84
16.80
92.63
36.95
58.33
3.83
69.46
49.60
96.86
94.58
13.86
34.83
92.38
68.69
20.20
24.88
82.40
24.46
92.30
70.91
87.52
81.63
9.23
54.19
54.30
8.24
42.81
83.82
46.25
83.25
27.66
78.86
75.89
80.42
37.19
79.71
49.88
86.78
92.39
60.29
16.46
27.23
68.49
0.98
47.42
93.37
99.19
87.70
44.38
58.61
31.90
88.94
83.66
1.91
59.07
7.72
44.71
58.71
53.96
27.97
86.36
48.64
3.86
82.60
85.82
99.38
48.31
88.42
91.78
8.60
20.70
34.83
92.90
21.67
82.24
86.27
36.68
30.65
28.17
44.38
78.36
32.94
28.04
80.27
7.83
35.75
24.98
66.53
5.53
68.76
68.71
54.16
88.43
51.31
55.80
3.65
15.44
60.04
95.42
39.85
96.55
30.25
32.76
34.05
28.31
19.03
70.72
14.08
65.50
98.89
58.45
59.68
47.65
86.48
39.95
55.47
38.05
80.75
22.00
43.57
65.33
90.70
13.55
53.77
57.83
85.16
57.41
73.27
45.20
68.65
13.12
41.75
14.72
75.79
43.02
96.54
62.34
57.09
62.04
61.23
31.36
37.54
24.70
33.66
77.49
80.16
71.70
74.06
17.98
31.09
39.39
24.50
44.63
8.98
98.14
29.79
82.20
71.41
90.80
50.85
0.36
48.38
65.56
77.86
39.99
24.41
74.40
2.33
81.49
52.26
79.37
28.68
89.80
4.07
62.33
83.11
0.05
49.86
57.17
33.84
80.94
12.38
58.33
41.40
37.18
56.48
87.00
43.71
77.81
70.23
59.88
42.01
51.61
37.75
81.99
76.01
12.15
0.15
73.33
64.41
79.51
2.01
54.21
99.40
64.33
37.32
15.27
14.19
10.31
49.11
10.96
38.50
23.26
52.35
75.67
79.73
39.35
10.88
39.27
32.98
81.10
99.14
74.98
48.53
36.89
72.80
24.55
64.86
72.94
97.87
29.27
68.27
99.87
99.29
83.49
80.02
52.43
98.76
10.04
78.55
47.87
20.99
17.05
71.12
89.15
8.55
66.68
44.32
19.42
5.95
77.30
16.34
5.09
68.10
64.86
57.80
56.72
89.40
22.66
45.48
3.10
67.74
29.58
2.97
82.85
13.07
98.81
35.28
11.83
8.85
29.65
75.51
45.65
62.51
46.64
34.80
71.05
29.14
79.11
6.29
35.08
72.23
22.62
55.98
56.16
3.31
13.78
28.70
8.53
36.43
74.18
11.63
19.99
3.76
30.41
2.84
16.82
45.04
53.93
44.47
53.88
83.57
19.98
15.35
61.91
82.43
50.14
48.78
11.57
45.08
55.07
62.46
33.13
93.50
18.45
5.11
96.80
32.22
33.81
21.16
84.47
7.99
32.78
4.46
27.56
79.00
23.12
60.19
24.05
92.86
4.66
93.74
92.26
40.46
9.10
54.17
22.89
59.23
2.95
34.46
20.13
58.01
12.74
53.26
67.34
31.18
58.36
64.14
79.22
7.99
1.12
63.69
31.79
33.89
83.96
59.34
28.72
22.90
35.36
52.76
15.77
40.01
46.50
8.03
80.46
55.59
62.19
19.18
30.65
65.13
69.45
66.59
38.97
82.18
35.67
6.31
13.37
9.86
86.26
8.41
17.84
87.38
72.09
49.63
37.09
71.87
8.97
65.80
10.60
44.32
18.56
26.36
0.16
80.88
50.20
96.43
36.47
28.21
15.61
82.93
9.16
0.88
49.53
48.12
83.06
85.19
70.24
12.25
95.04
72.33
20.65
12.89
75.53
8.56
78.33
12.62
96.24
3.12
94.24
6.84
47.44
28.62
49.01
63.41
9.50
99.20
59.84
61.79
27.41
91.27
60.54
36.57
92.14
10.07
0.51
91.02
11.09
86.57
3.27
21.95
58.90
23.91
34.83
34.43
32.46
28.98
62.86
28.71
32.10
57.10
51.36
95.35
85.72
0.38
58.76
11.04
99.57
34.42
72.82
42.81
41.51
33.37
95.19
49.48
59.25
11.52
40.50
70.33
98.08
43.77
92.28
72.80
83.49
42.93
23.05
15.96
71.91
85.91
60.48
19.83
58.83
11.84
15.18
60.37
28.03
73.93
71.41
27.61
24.17
60.05
86.23
65.68
9.24
97.24
15.16
84.31
8.76
55.65
70.46
6.85
15.24
78.56
95.46
98.73
37.32
18.52
30.51
25.05
20.25
6.81
44.87
94.89
18.64
60.04
55.27
46.67
33.97
42.50
90.09
73.95
2.55
92.14
39.63
27.61
89.38
54.78
11.92
98.13
26.26
98.19
20.80
57.31
76.76
16.27
56.04
14.08
50.60
2.37
39.12
86.66
9.17
83.98
81.55
43.63
44.02
36.82
6.12
93.80
95.13
12.03
67.75
13.51
4.17
23.21
41.11
93.54
93.80
68.84
7.50
35.88
67.03
44.12
93.19
59.61
60.38
49.23
73.68
26.80
67.42
12.80
13.46
76.58
12.60
10.83
20.21
56.61
47.65
26.32
66.23
58.60
38.34
49.81
72.10
58.32
73.01
13.21
67.68
82.63
97.86
75.18
18.52
80.72
19.30
11.71
40.33
95.49
76.75
29.84
38.11
44.17
42.63
67.38
20.76
71.05
78.20
56.78
27.66
98.92
9.72
0.28
53.08
75.34
72.37
11.41
48.35
1.41
79.08
30.98
99.26
70.08
49.49
95.80
5.20
77.01
36.14
0.69
53.77
65.97
38.79
97.93
24.42
6.17
18.69
95.46
84.37
91.29
38.95
26.04
90.21
48.66
42.13
43.29
39.82
14.51
54.69
88.16
15.91
49.60
34.96
15.17
19.68
0.28
10.98
24.88
77.28
62.93
41.38
31.05
44.72
95.99
28.99
69.13
17.98
63.49
64.60
18.17
54.78
19.37
60.03
60.81
83.84
2.16
4.11
23.66
16.66
74.61
27.64
32.56
24.21
62.59
63.55
59.71
78.68
90.34
0.41
55.97
53.27
57.60
2.84
97.98
53.59
47.64
67.11
71.57
26.96
47.53
89.73
81.73
66.89
49.76
42.55
66.55
67.74
62.47
90.20
84.39
37.08
17.84
16.96
77.11
96.25
96.32
36.82
74.93
86.66
53.04
30.90
39.93
10.64
33.74
53.73
80.05
97.19
36.66
51.62
24.15
0.02
57.17
21.71
66.90
22.76
80.07
49.28
90.49
42.54
39.48
90.70
79.61
57.32
7.66
56.72
53.57
19.80
9.36
44.32
6.46
78.21
75.22
62.20
88.85
24.78
15.93
68.90
21.97
68.41
36.34
61.94
68.42
9.33
83.64
51.14
47.90
63.71
0.42
38.39
6.25
39.90
29.10
1.68
13.04
52.57
58.40
88.19
83.57
26.74
94.64
61.79
17.78
72.67
66.46
42.55
88.59
51.18
80.34
57.00
3.34
42.28
25.42
12.66
25.92
76.56
60.56
5.45
92.79
14.77
11.69
32.69
59.68
13.36
61.54
28.08
87.57
43.96
16.27
86.97
86.52
26.73
64.58
4.30
99.39
31.04
46.85
3.82
98.03
43.01
76.63
1.37
85.28
17.88
29.84
27.02
10.26
6.22
32.46
3.05
20.99
59.96
35.74
96.48
89.13
13.10
24.56
76.71
57.06
56.64
63.68
43.58
83.37
28.26
47.87
98.58
75.11
10.54
2.40
73.14
53.54
79.03
74.50
54.64
96.90
20.16
97.47
7.16
26.38
45.75
10.20
63.18
21.53
61.75
59.66
10.67
74.85
0.05
87.37
47.73
72.50
66.87
91.30
55.87
10.95
54.99
54.46
1.88
81.35
72.67
75.01
50.71
51.70
65.33
21.18
64.42
85.48
18.65
71.57
11.86
80.22
97.59
90.85
1.75
75.16
50.52
12.41
50.56
15.60
97.73
23.06
98.28
4.86
94.75
9.23
75.67
65.03
26.92
57.02
53.52
1.93
7.73
5.23
83.07
28.90
85.46
84.38
63.37
72.86
12.06
59.41
86.27
2.92
61.15
61.43
53.43
89.38
27.27
19.81
20.80
40.82
58.68
19.09
45.68
69.25
44.13
37.17
50.10
71.05
10.01
3.63
88.79
17.73
24.67
87.69
62.45
10.13
72.07
41.64
98.80
84.12
1.05
85.07
2.86
78.01
56.28
83.21
73.77
91.90
4.02
14.59
66.41
38.92
76.08
51.48
83.04
29.07
1.59
69.91
39.07
5.21
58.71
72.62
45.69
62.22
35.07
71.63
34.29
92.52
70.44
34.23
9.39
55.51
37.09
87.39
17.84
9.19
86.43
7.43
16.92
6.27
37.84
83.32
45.18
29.74
34.80
44.04
58.81
36.38
13.96
97.87
57.40
88.48
86.31
18.91
50.70
21.38
90.54
0.81
29.72
60.98
35.03
39.10
32.31
87.93
42.32
65.97
97.12
28.75
73.39
14.04
35.01
27.05
97.35
96.00
56.79
47.97
40.04
15.60
0.18
69.81
29.29
73.39
58.29
15.61
92.30
24.81
52.80
82.84
25.61
98.34
59.64
76.46
37.44
7.77
64.39
79.75
89.55
61.51
24.32
62.95
91.36
75.14
89.99
4.54
71.14
62.60
52.51
27.01
94.01
68.50
96.81
39.13
41.89
70.93
70.55
95.73
23.35
48.67
37.17
21.69
8.31
13.63
74.95
31.90
93.83
54.70
37.27
55.35
94.84
0.22
62.53
69.98
6.04
67.07
41.13
84.45
35.40
68.13
78.47
3.90
80.76
17.60
45.78
51.69
88.14
95.79
47.43
27.31
44.46
84.59
64.82
68.59
14.04
39.77
16.31
7.87
10.29
53.57
79.03
5.13
69.61
41.57
75.11
91.46
8.64
32.06
75.91
44.03
16.01
54.38
63.74
96.76
87.79
25.34
48.46
75.93
36.95
95.88
3.25
97.23
96.29
68.06
81.64
26.15
7.83
97.94
34.01
18.11
67.33
13.05
23.24
52.76
70.43
14.17
60.04
94.88
46.22
35.96
54.73
62.22
6.16
18.47
58.98
93.95
43.80
7.44
69.88
80.75
19.14
88.94
93.80
31.25
57.00
75.44
57.39
80.64
89.20
7.23
14.58
72.35
36.09
37.81
25.12
6.52
67.79
85.15
1.40
14.01
36.93
56.12
92.04
43.09
74.58
51.02
37.04
34.20
74.28
22.74
30.77
9.24
11.69
24.57
56.31
84.50
0.01
13.70
65.15
5.03
36.74
79.72
77.38
72.82
33.35
2.50
79.33
1.14
3.47
96.54
30.96
40.40
52.66
23.00
99.30
43.06
89.83
52.16
93.08
79.93
74.89
23.85
5.00
2.40
64.24
61.30
86.90
80.06
90.81
67.87
85.09
27.56
47.59
62.47
0.38
96.75
80.78
95.53
13.71
0.07
92.07
44.66
56.28
60.56
83.47
55.58
3.62
73.30
7.74
96.69
53.24
98.45
36.37
74.05
16.67
0.61
35.35
19.39
80.66
26.16
87.25
81.57
69.53
50.66
59.86
85.73
47.41
40.64
81.26
61.11
56.53
89.15
5.77
12.81
49.71
89.23
84.21
69.15
78.36
7.77
65.84
47.42
6.22
18.03
21.47
38.71
18.63
56.81
58.09
15.12
98.78
45.35
96.68
84.14
96.00
72.37
69.87
59.24
28.83
66.95
20.35
85.35
71.92
41.94
13.99
21.64
46.99
98.19
6.61
41.17
5.96
72.44
88.58
28.00
6.30
10.05
66.70
40.74
82.67
40.61
55.85
97.28
85.95
68.36
81.42
97.78
40.73
67.11
57.02
69.55
49.88
93.18
70.73
21.80
35.12
84.71
59.25
97.93
82.90
65.85
39.10
4.68
54.12
43.51
48.49
60.41
53.55
31.01
1.15
52.05
71.62
72.82
65.15
57.57
41.18
46.57
71.17
97.72
29.50
28.19
83.09
79.37
37.20
53.82
1.17
88.13
38.53
60.42
86.06
37.25
26.27
25.17
57.75
96.20
68.67
6.24
56.61
38.04
37.25
57.76
5.91
8.87
30.58
71.05
82.25
87.57
33.44
69.25
85.29
62.93
13.26
84.20
58.12
50.45
38.03
75.11
38.59
92.37
51.35
24.65
45.45
93.43
65.63
3.20
89.64
50.12
25.25
46.25
3.99
62.49
4.01
25.71
87.17
50.40
96.76
85.25
37.97
46.02
54.50
39.08
24.78
83.57
23.29
82.89
34.03
77.13
58.00
72.61
69.50
9.35
13.08
14.95
2.79
94.53
33.96
92.42
60.47
59.21
54.49
80.27
37.52
58.50
5.99
40.52
24.72
18.57
25.77
78.51
64.58
96.08
17.59
89.35
79.65
56.69
88.07
29.50
33.82
46.07
17.93
3.33
71.24
46.83
34.09
89.84
41.36
68.05
98.08
17.65
43.08
52.57
97.92
80.59
26.89
3.91
21.11
51.61
22.47
62.69
30.12
2.87
74.59
63.52
8.05
70.07
20.22
96.11
99.56
54.03
58.00
17.50
73.17
45.06
80.14
7.27
34.90
21.50
91.13
32.98
54.96
34.21
1.38
52.88
30.62
28.26
72.60
67.55
95.68
10.89
30.24
25.80
13.76
20.66
89.32
21.80
90.72
25.36
33.73
90.28
79.38
91.72
23.60
52.56
52.61
3.74
75.64
87.50
41.05
82.59
36.31
11.84
32.62
53.50
64.71
63.23
81.75
53.14
46.60
77.44
64.02
92.66
19.06
93.59
13.32
24.20
31.21
4.04
49.55
64.93
10.14
28.94
72.48
49.56
97.31
25.09
69.11
88.77
28.41
25.99
71.36
64.71
37.82
3.98
18.21
2.53
83.02
15.79
55.66
45.45
9.05
35.51
38.11
28.10
29.10
51.42
52.30
60.31
71.27
1.85
41.06
97.22
46.60
13.54
46.78
59.73
38.62
15.90
48.50
67.03
41.88
35.68
47.56
79.69
55.47
81.59
98.03
54.32
97.37
69.52
99.76
6.42
20.85
53.69
50.33
49.94
5.11
2.63
26.07
92.19
20.30
67.13
89.41
82.71
80.66
52.02
42.45
35.11
83.73
6.77
17.96
41.43
42.45
81.33
36.94
97.91
62.92
34.97
52.23
76.11
20.31
67.81
82.52
41.15
21.50
48.68
6.92
42.42
51.30
32.98
50.43
87.41
0.11
55.67
70.13
96.59
7.69
12.58
47.52
91.41
19.34
65.47
48.66
77.60
46.80
85.59
91.34
9.73
36.38
59.39
1.66
56.69
27.21
0.01
13.66
48.70
48.68
20.57
6.95
15.80
69.37
57.37
3.22
69.47
13.04
73.34
81.88
36.54
1.74
29.40
43.77
36.89
94.86
92.42
14.50
57.49
78.01
21.66
83.03
14.40
81.04
84.68
86.90
8.25
84.68
0.56
72.77
33.36
36.95
95.53
49.16
6.32
52.90
68.19
91.60
81.76
57.35
73.49
18.30
59.08
18.71
11.79
29.40
70.31
42.10
86.88
48.33
63.75
85.73
62.72
44.80
70.41
65.44
68.86
70.92
65.99
57.45
20.10
2.94
52.98
69.25
25.07
21.71
53.26
16.68
3.47
10.61
5.99
37.58
85.50
40.51
99.64
13.12
69.90
85.78
55.21
72.60
34.11
34.79
58.33
12.65
79.58
44.57
78.08
64.26
15.49
59.89
21.72
35.58
62.83
90.51
20.66
3.72
12.22
89.73
36.21
15.68
0.35
42.19
53.26
1.67
98.52
68.72
14.78
68.42
54.50
85.81
56.85
4.43
20.60
15.18
17.07
16.00
75.56
10.97
80.25
6.87
70.86
17.79
58.27
49.51
8.31
94.74
53.22
20.52
84.47
89.43
52.02
0.64
47.44
5.28
2.31
45.96
17.08
30.21
60.14
2.89
87.05
64.56
39.30
18.05
97.45
55.29
9.44
24.24
51.37
16.30
95.09
69.15
74.56
60.42
93.27
69.30
13.65
29.62
69.60
18.90
81.63
70.23
82.15
72.53
43.94
92.53
5.44
74.14
52.67
24.14
77.01
33.06
63.44
95.05
46.33
34.55
4.49
70.56
85.91
36.61
65.66
70.89
11.17
26.08
64.16
96.29
55.54
93.77
65.89
90.25
75.40
36.12
72.41
93.94
24.48
32.17
86.48
45.73
6.31
54.97
69.86
83.31
3.85
49.12
94.18
50.17
99.49
14.50
20.74
85.40
51.10
86.39
72.11
78.08
28.29
52.10
90.19
99.65
45.87
71.90
89.90
37.10
23.85
78.13
31.04
48.32
10.30
33.34
9.87
32.42
4.14
31.55
7.98
44.67
25.74
58.15
59.98
56.05
78.88
61.20
22.97
81.09
33.32
1.05
25.20
85.41
7.07
47.10
78.96
30.58
0.02
2.81
24.53
46.88
51.12
34.83
80.21
60.98
83.06
84.34
56.53
14.62
8.15
17.02
56.17
66.29
76.99
28.04
60.99
54.01
51.00
42.08
87.32
67.86
67.27
72.73
74.92
7.95
35.66
53.89
38.52
35.67
56.69
63.04
82.54
23.64
13.69
62.76
0.44
12.58
62.92
72.78
27.19
71.06
5.62
99.17
98.42
27.21
14.16
52.44
78.20
56.23
39.76
46.06
39.33
28.32
20.99
47.27
63.97
90.69
1.61
99.63
47.38
64.64
98.00
86.83
94.15
60.76
87.27
6.73
39.50
60.05
49.73
26.39
81.49
48.90
79.55
79.91
91.92
93.71
32.35
70.12
65.76
87.93
32.00
5.09
16.25
68.80
68.17
96.03
59.49
69.77
95.66
22.70
50.24
93.66
9.53
60.21
70.24
12.62
66.93
25.57
88.49
32.48
51.95
69.98
81.37
31.50
49.89
89.11
41.03
98.06
59.23
6.80
85.99
7.05
27.70
2.24
91.67
95.87
14.09
51.16
65.64
9.75
89.67
31.70
19.24
15.03
91.90
5.30
43.46
58.83
30.86
31.95
91.30
98.62
17.75
88.49
45.95
67.64
77.60
86.97
81.52
52.65
9.59
67.51
75.52
37.29
85.56
67.19
33.16
99.64
34.17
14.62
25.21
23.85
46.32
60.26
54.69
38.22
65.56
98.14
12.88
12.24
45.92
20.00
26.69
63.66
24.32
72.63
47.12
17.74
75.42
28.64
70.39
85.01
96.14
61.73
22.30
97.52
28.92
71.27
12.99
78.90
85.88
38.20
18.57
48.02
98.45
73.25
79.83
87.22
14.94
7.90
33.14
34.93
34.58
96.79
59.24
23.03
43.92
76.98
98.44
72.55
63.19
83.45
84.52
40.74
5.75
97.86
85.47
92.83
10.86
64.37
78.72
49.05
82.94
26.74
63.32
72.01
28.80
58.98
75.05
43.73
66.87
8.19
94.48
17.27
4.99
69.54
40.29
64.72
62.34
38.73
53.09
41.35
22.19
53.43
82.08
43.75
51.30
67.55
52.41
62.15
47.75
31.13
27.02
73.68
90.33
34.34
18.31
65.13
9.40
77.85
32.00
17.58
72.33
49.26
38.38
41.88
5.37
3.10
4.22
44.10
72.01
61.39
82.10
25.44
43.47
76.73
26.85
94.07
54.70
74.59
41.02
81.71
21.10
30.53
87.87
55.43
48.83
53.00
64.82
26.68
0.83
98.22
14.84
50.08
36.60
72.53
71.27
55.52
76.74
15.37
27.53
53.95
13.29
52.96
97.42
70.77
45.52
24.27
64.85
0.22
98.85
21.69
97.75
35.77
52.21
85.62
7.02
1.04
54.44
87.66
43.54
55.26
85.88
58.37
21.17
38.30
30.90
92.43
93.81
23.46
23.62
37.16
77.41
36.90
90.12
90.65
7.67
51.46
14.92
88.33
51.67
29.59
10.03
49.42
81.17
78.05
50.86
88.18
94.91
21.13
75.84
38.45
76.38
61.72
12.64
13.37
0.03
59.35
5.80
9.66
82.80
45.23
46.82
76.03
97.94
52.76
66.68
21.44
4.22
97.41
9.77
71.70
42.82
35.61
36.95
23.99
13.67
3.63
12.18
24.40
24.75
88.01
62.84
16.96
65.56
91.29
30.32
81.40
50.64
51.94
6.88
49.26
97.16
53.69
25.30
95.11
22.27
7.80
16.55
42.30
21.04
42.13
29.83
63.85
77.74
66.77
87.84
7.23
70.39
0.02
47.44
10.97
3.85
10.28
27.92
85.22
17.39
58.23
66.62
68.02
10.17
89.32
17.28
23.16
43.01
58.39
18.27
81.10
82.01
50.63
23.40
3.05
92.75
69.04
66.89
86.31
35.81
54.73
9.36
22.03
70.56
56.79
32.99
74.41
82.88
76.72
75.45
0.27
34.95
42.08
84.10
60.94
31.40
17.21
99.91
90.22
91.41
34.00
87.14
73.42
84.62
26.37
76.46
93.19
95.40
43.36
95.33
31.22
13.91
4.69
69.06
84.47
77.30
17.87
74.70
76.00
94.58
50.15
92.09
45.35
8.05
76.19
22.11
55.26
9.22
22.02
0.64
56.01
48.45
74.05
56.45
74.81
66.34
49.65
70.22
25.52
44.98
17.26
39.42
65.48
2.14
39.71
58.60
20.00
14.41
34.61
30.40
80.38
26.70
75.74
88.42
18.71
13.68
43.69
27.93
35.69
5.00
44.38
7.53
69.26
18.43
63.97
44.08
84.76
29.44
30.12
10.28
90.23
63.19
65.52
71.54
65.32
5.23
30.14
1.14
35.46
80.56
31.53
15.84
23.08
7.27
4.26
57.61
20.94
63.76
1.36
72.45
68.75
45.73
95.79
38.02
64.15
75.58
97.91
64.74
5.03
43.85
90.83
11.08
7.04
72.17
82.61
88.17
77.40
28.58
89.30
28.68
9.14
20.83
44.51
32.22
28.09
64.58
89.82
64.85
28.35
7.00
53.12
12.92
52.72
48.91
66.75
16.87
24.49
80.48
97.42
45.33
24.33
88.26
56.41
31.36
60.43
54.84
19.53
53.65
83.41
24.65
98.14
45.47
58.47
40.59
89.38
23.06
46.23
70.05
67.22
53.22
23.17
95.95
5.94
72.07
78.53
38.62
12.38
59.01
51.87
57.71
83.34
55.95
29.94
30.52
32.20
84.77
65.87
85.85
68.19
90.51
99.81
76.56
51.81
58.29
32.97
41.19
81.34
95.01
11.24
64.38
48.23
60.33
69.98
22.29
38.86
24.42
50.48
13.70
76.28
8.19
12.86
32.23
53.94
64.43
38.72
25.06
66.10
22.73
31.40
65.91
15.11
83.20
24.20
63.89
40.21
21.36
58.90
51.44
85.73
22.95
1.66
61.89
92.92
23.94
16.57
33.16
74.41
30.26
25.27
98.42
43.11
57.49
68.18
2.31
37.74
22.72
43.18
19.66
61.26
90.39
1.40
76.36
89.41
41.41
40.25
29.62
62.77
99.14
81.05
64.32
22.09
82.70
26.21
30.83
22.46
58.60
79.81
12.70
88.85
5.08
26.94
47.79
78.38
95.11
50.09
31.95
17.84
9.09
51.60
79.09
99.48
52.99
71.28
4.72
10.23
11.53
34.34
72.99
26.50
31.21
53.13
64.40
13.92
79.34
11.06
52.19
53.76
6.69
64.88
42.61
11.76
91.81
90.39
5.96
2.76
56.30
37.90
36.41
65.39
5.33
15.50
80.69
74.13
2.60
85.40
84.35
29.95
35.56
73.16
56.44
66.77
26.30
36.66
96.50
21.46
63.53
48.69
75.21
70.21
29.40
17.82
81.96
37.03
24.04
3.75
39.78
80.33
41.64
76.18
61.54
62.78
7.51
58.05
36.92
25.92
59.28
37.09
55.86
94.83
10.26
28.12
77.42
36.55
64.78
73.92
58.00
28.31
38.44
33.21
14.35
83.65
66.84
12.13
20.68
6.70
15.87
76.28
87.03
73.33
68.28
64.39
36.11
91.60
38.27
88.84
17.53
97.54
25.94
73.38
8.20
52.01
1.51
1.45
88.55
82.10
91.18
62.37
26.23
29.62
11.40
40.57
13.27
78.23
52.70
49.77
84.93
84.38
26.05
87.78
57.71
94.32
67.99
9.65
1.76
6.26
98.48
19.28
19.62
40.24
92.65
43.64
92.24
94.15
45.08
96.61
76.25
36.26
58.98
18.31
81.70
70.37
58.87
10.79
64.43
27.39
60.55
65.18
11.78
2.42
52.96
69.48
12.57
36.77
94.94
14.32
58.85
9.26
33.59
94.28
49.49
26.24
37.92
57.56
36.22
98.81
54.17
28.29
50.90
28.98
46.59
32.60
99.34
21.29
59.20
63.77
48.67
35.58
44.77
60.44
37.99
97.72
45.75
66.37
50.32
40.69
80.68
9.17
49.94
30.09
3.45
15.26
72.15
57.19
72.81
24.19
56.00
42.80
52.47
6.90
71.77
14.89
55.31
86.94
51.99
14.52
66.53
0.66
65.91
11.31
76.92
3.90
22.67
70.27
75.16
63.35
66.77
0.15
96.86
3.60
44.37
84.83
60.78
33.00
9.02
32.60
75.79
77.30
55.32
92.18
26.45
50.33
44.17
56.78
16.86
60.65
22.69
28.16
37.57
26.59
53.01
60.23
12.68
43.99
39.40
95.26
44.14
84.33
7.95
63.55
44.52
92.77
40.15
77.51
1.79
69.13
94.91
28.06
32.52
87.09
70.33
82.84
47.09
27.11
15.52
23.56
49.80
59.50
61.12
92.20
28.33
37.17
20.70
72.31
92.38
15.96
32.27
76.72
23.91
95.81
21.24
32.50
35.96
14.58
50.11
8.71
83.70
45.02
52.58
16.22
47.93
38.73
14.88
10.84
65.84
30.39
34.39
15.64
89.88
95.50
23.66
18.21
48.49
44.35
6.35
40.88
60.30
38.61
33.42
0.03
50.25
48.35
86.20
85.04
98.45
10.73
68.74
59.29
79.13
0.78
7.22
17.86
15.65
18.06
83.69
46.04
68.26
15.15
51.74
79.59
38.80
85.77
28.08
83.14
7.94
84.77
59.27
46.54
18.19
75.11
12.61
4.49
23.46
98.81
89.52
37.73
9.54
74.09
97.01
4.49
74.86
20.06
22.35
90.51
38.11
6.04
36.55
22.19
37.01
4.11
1.78
75.80
89.87
29.86
74.77
13.63
30.45
49.86
60.17
64.46
40.79
72.77
68.94
80.07
87.40
58.46
33.62
12.77
32.55
30.64
17.25
7.42
50.69
39.59
97.92
4.62
61.45
50.29
26.80
98.45
70.21
28.58
90.07
75.91
74.25
80.66
89.53
20.52
46.34
65.52
84.97
87.13
54.12
53.91
83.02
41.52
12.38
16.64
54.28
60.74
63.09
71.53
83.97
13.78
26.94
81.89
34.21
88.38
48.00
2.66
18.22
21.23
8.56
94.12
11.30
5.04
83.65
31.81
51.38
49.18
16.79
54.33
3.30
70.69
60.63
98.88
69.80
30.74
59.63
32.90
2.27
43.60
62.49
45.02
41.32
12.53
49.23
5.14
89.35
67.70
23.35
26.40
76.25
33.29
37.69
97.11
32.77
69.49
64.31
97.76
2.10
18.64
16.88
72.79
87.62
57.42
8.24
47.12
26.32
6.55
84.45
71.34
63.68
96.97
36.39
68.81
2.15
4.09
7.99
28.54
96.16
41.27
82.04
93.27
89.85
67.35
57.58
87.61
69.45
92.03
20.31
58.06
79.65
97.81
45.55
37.07
8.50
59.03
64.01
15.04
43.48
51.17
94.53
56.27
87.55
63.34
74.23
7.46
71.32
2.77
3.62
12.60
0.63
96.88
18.27
83.79
70.28
5.89
53.24
62.31
26.19
27.12
41.96
39.82
72.67
94.85
77.51
96.98
69.70
41.52
27.84
29.00
8.51
22.37
85.26
96.05
85.70
59.49
3.51
57.03
78.07
22.95
85.44
94.51
35.65
3.71
78.30
5.94
25.41
31.55
84.06
67.42
58.66
41.85
7.24
47.15
36.70
84.74
44.13
22.22
42.08
71.96
51.21
50.58
94.32
36.47
62.45
95.85
11.78
81.78
52.88
89.84
20.55
54.14
84.35
56.19
57.84
78.47
62.12
99.07
10.02
46.19
66.49
84.50
88.03
73.72
47.47
40.55
91.60
78.58
32.19
79.38
29.79
98.59
89.53
82.07
76.86
85.38
9.67
58.64
15.33
79.18
8.22
15.50
51.20
66.05
93.96
13.32
80.94
3.99
75.32
47.43
4.31
79.17
36.98
51.77
19.72
11.27
14.12
59.27
54.40
43.90
57.86
43.93
41.79
34.73
29.31
51.45
9.19
83.38
66.77
4.20
91.59
55.39
73.46
76.23
84.52
54.41
96.03
59.85
1.84
16.16
54.84
54.63
83.74
90.38
65.89
42.94
4.50
40.99
97.33
64.22
98.84
57.08
6.01
49.39
86.38
73.28
74.40
85.58
40.05
78.59
77.17
38.14
49.80
66.45
30.19
34.32
20.86
42.04
9.99
38.52
58.19
64.83
93.14
57.75
55.21
74.86
0.69
59.70
15.85
13.84
23.92
30.51
86.73
45.75
95.72
73.11
19.03
70.12
58.69
59.07
64.53
51.68
13.03
14.33
18.14
59.03
48.64
54.81
1.07
74.45
9.15
75.07
39.28
2.30
32.83
94.48
92.97
49.33
70.00
24.64
78.99
9.75
70.96
65.72
55.49
66.68
54.66
74.51
52.62
29.17
49.40
17.15
80.85
78.25
31.47
14.81
37.28
95.93
69.61
38.35
70.38
78.76
29.24
9.66
96.87
62.06
19.96
5.67
11.40
5.78
30.30
6.21
15.52
17.08
71.92
71.00
83.76
26.58
45.51
36.38
55.75
10.74
69.35
52.42
88.98
0.82
67.22
26.26
96.74
52.65
80.42
67.12
47.23
9.67
92.59
59.92
87.54
28.37
65.58
14.76
34.15
11.70
20.96
49.66
28.78
92.88
20.67
28.36
35.28
81.99
80.55
6.85
8.55
49.90
75.08
97.52
66.54
58.12
39.61
79.10
10.78
35.85
62.05
73.82
45.51
54.64
49.57
33.06
98.83
15.15
47.81
32.98
42.67
68.77
82.63
87.26
77.47
19.12
31.44
28.57
16.94
27.81
35.42
25.48
93.53
26.32
38.83
60.07
84.44
78.43
54.99
11.04
14.28
17.04
84.85
75.61
87.50
34.42
24.49
86.33
65.39
88.11
19.31
72.70
17.76
11.14
50.17
36.88
58.39
94.56
53.81
86.19
45.80
79.28
79.72
72.11
33.93
55.61
56.55
12.36
10.61
83.40
42.46
27.64
68.26
33.89
15.14
18.50
58.37
17.29
99.70
62.30
52.41
23.58
35.01
70.17
50.53
1.00
