1000
925.33 705.56 397.95
323.94 820.99 190.06
753.33 532.58 301.94
442.71 583.70 229.06
208.40 886.23 148.42
447.56 643.34 246.30
447.01 147.41 110.80
500.74 170.66 100.80
796.82 355.60 134.78
981.53 886.01 357.07
428.71 974.85 291.94
461.80 298.78 63.10
140.50 52.11 37.99
574.37 658.33 306.08
333.05 30.24 17.17
788.84 477.79 145.68
765.67 88.32 79.12
47.60 752.57 35.57
465.74 549.38 243.37
350.92 530.90 205.29
938.81 959.61 307.41
395.78 584.92 230.12
510.20 725.41 253.96
484.24 299.77 105.11
41.97 632.82 12.70
649.44 585.17 301.02
63.76 514.35 6.49
625.49 561.95 250.09
521.38 191.20 122.94
772.87 705.63 339.13
910.35 807.96 167.20
186.20 203.73 54.04
760.82 877.44 338.88
551.06 361.68 169.63
163.14 567.16 122.27
641.93 380.12 238.05
762.03 443.87 247.89
133.96 69.35 44.89
258.45 590.73 127.95
95.83 363.59 61.85
464.11 437.45 225.18
791.98 787.16 366.40
868.29 711.49 268.60
506.47 426.06 196.24
771.46 589.19 331.88
669.26 394.64 159.89
315.74 320.18 157.14
476.57 454.14 75.84
362.85 876.10 192.09
440.33 971.93 226.89
386.96 436.03 204.38
141.53 391.52 90.53
99.83 259.80 29.76
935.56 929.79 421.86
296.48 701.24 174.52
224.55 534.02 127.82
696.26 849.75 368.16
611.83 489.83 271.75
760.26 852.68 401.20
499.42 293.00 182.25
929.19 843.47 107.69
796.41 985.00 304.87
450.79 84.82 20.78
980.17 20.37 6.50
935.60 316.84 208.33
480.22 704.90 221.80
582.99 401.15 232.24
842.42 176.49 119.75
719.49 936.75 139.53
636.18 436.16 257.72
688.31 365.34 197.80
176.46 325.27 112.88
219.65 939.57 159.18
522.63 919.73 328.55
918.91 855.32 378.97
16.42 499.06 14.19
811.47 82.04 71.93
619.78 87.97 47.86
917.91 807.46 131.31
68.72 607.15 35.29
676.04 295.46 170.40
290.34 471.91 172.97
889.64 855.07 69.23
573.74 541.21 276.04
441.73 460.11 224.36
790.06 640.05 318.43
6.81 615.03 5.50
788.23 234.80 177.38
582.61 152.70 95.48
477.25 384.93 208.76
971.56 60.96 53.63
831.20 514.82 304.33
179.63 404.45 46.21
467.61 141.70 104.09
675.32 746.94 340.96
901.86 700.52 384.47
790.97 707.32 181.28
762.11 495.54 288.03
821.22 241.66 174.18
851.30 882.42 432.61
488.53 853.97 297.86
584.72 685.17 275.71
152.82 28.31 10.70
575.99 495.91 239.88
703.88 334.74 142.47
455.39 236.59 152.99
10.47 191.07 8.72
180.56 116.70 70.85
748.97 937.91 135.93
470.07 952.73 228.37
576.09 604.77 276.54
70.11 189.48 44.52
915.42 342.30 54.66
328.69 81.80 34.32
883.66 949.19 193.16
185.56 568.09 73.73
187.97 578.55 16.38
61.21 922.63 33.28
429.99 671.59 260.84
367.47 305.17 166.11
23.84 44.77 15.14
534.17 114.88 79.80
56.71 30.29 17.17
444.02 358.98 159.14
490.76 406.15 216.96
872.24 591.70 320.43
653.82 779.66 354.52
789.98 840.86 321.22
879.32 434.37 217.02
70.08 801.83 46.37
377.08 989.18 217.73
452.36 686.86 198.45
717.11 743.56 353.35
324.16 351.10 52.84
176.51 841.85 138.69
141.57 877.60 113.38
674.71 694.93 337.66
786.39 484.91 257.67
984.22 527.74 135.89
853.62 761.33 401.64
191.71 138.40 70.67
574.56 754.27 292.82
72.28 471.37 60.31
763.80 795.52 362.22
977.82 135.55 117.72
434.45 440.63 143.50
646.30 115.33 90.86
801.31 901.71 407.95
797.18 885.92 312.70
554.45 903.06 342.33
113.54 94.76 39.92
661.80 669.31 332.37
223.96 905.10 178.90
366.15 832.41 124.78
22.95 810.22 20.64
521.59 244.67 158.01
61.35 54.48 26.99
296.04 855.78 158.29
179.14 816.48 138.55
426.46 370.92 94.55
598.61 484.46 258.12
72.68 309.77 17.49
137.48 533.72 98.87
0.69 63.38 0.50
495.90 86.32 71.84
453.68 771.43 285.02
852.09 832.77 420.56
202.29 292.32 118.74
617.72 471.46 200.62
82.59 61.43 21.56
450.50 660.03 190.04
913.17 732.70 406.18
372.17 33.70 30.56
572.75 34.38 31.79
769.25 693.79 353.28
775.96 310.99 210.11
190.86 163.07 69.46
660.22 528.87 211.85
148.88 310.11 17.09
290.49 392.69 141.70
966.54 6.70 4.92
290.55 83.38 64.62
924.33 455.55 123.98
91.83 191.81 23.17
486.22 961.05 284.96
803.40 900.52 319.05
55.53 254.89 28.70
140.42 915.11 121.01
681.14 63.98 52.83
693.32 517.99 239.84
766.91 648.04 253.81
664.05 102.10 66.05
457.41 26.43 20.78
447.97 281.77 170.69
472.91 767.98 289.32
355.16 734.89 228.62
548.38 790.41 199.34
904.67 94.34 24.69
953.34 939.00 241.50
148.59 795.83 118.05
900.04 726.25 388.80
821.70 390.30 205.38
826.74 11.22 10.31
287.32 459.18 156.62
939.70 932.09 467.41
716.64 450.76 229.60
394.10 999.13 279.95
326.44 67.31 48.15
500.92 20.64 19.73
575.85 169.22 99.75
495.81 232.77 148.16
227.31 217.99 99.67
60.91 44.72 12.07
84.45 495.56 52.77
389.75 435.25 165.17
463.02 151.89 110.54
271.18 709.50 139.48
33.26 35.93 16.64
53.19 536.84 29.76
12.12 276.20 6.38
766.86 935.52 383.01
411.37 326.35 163.49
446.17 550.77 233.07
655.70 635.22 216.91
324.41 24.96 11.95
88.71 487.98 63.65
303.77 922.67 182.21
517.95 119.44 81.82
962.95 172.62 128.94
428.59 348.25 113.76
63.45 278.63 32.46
94.59 689.99 83.17
343.71 299.68 75.03
801.06 955.37 415.94
753.97 279.77 171.08
305.64 368.48 97.88
9.19 835.76 7.89
422.23 517.22 106.16
871.19 480.16 200.41
184.02 908.75 31.60
936.56 135.71 112.89
788.14 230.29 15.58
966.06 737.51 169.23
694.75 702.08 163.00
222.16 619.56 152.88
774.53 925.19 337.19
978.39 934.37 477.76
104.91 356.59 72.01
514.38 391.29 132.00
259.99 738.82 110.18
517.36 675.38 203.20
53.35 627.03 45.12
442.84 593.09 223.51
132.01 451.35 66.93
776.54 673.50 207.16
864.35 448.03 289.81
484.16 426.41 203.01
103.23 694.84 87.75
76.00 372.73 47.65
855.96 632.71 299.01
544.66 150.06 110.32
532.58 366.92 216.21
750.78 809.76 383.27
870.00 941.76 358.82
691.29 881.81 233.70
132.14 746.15 110.06
498.18 393.82 144.03
798.58 497.05 303.14
619.08 736.56 298.30
994.39 592.51 205.29
108.52 300.68 68.96
898.01 833.25 431.41
478.05 747.54 289.15
814.69 617.53 345.09
602.67 308.81 188.51
64.15 440.95 39.83
973.64 939.12 426.82
636.58 901.21 364.18
994.35 683.80 365.80
888.37 678.19 339.27
415.09 786.70 144.73
418.90 848.22 247.02
626.11 489.79 269.61
806.59 304.47 178.83
928.82 907.14 455.99
932.85 134.80 108.10
846.55 271.95 91.38
154.06 908.53 116.89
285.65 66.39 44.84
153.79 954.75 111.22
614.43 533.35 275.20
539.26 952.25 332.48
460.85 741.87 182.57
129.97 548.46 73.51
416.61 640.79 178.34
12.05 573.64 11.64
211.96 420.18 90.74
350.97 737.75 112.02
718.23 23.39 22.47
605.76 177.17 135.51
498.51 955.11 304.67
177.95 657.88 132.98
869.12 282.24 181.71
50.08 412.20 35.26
862.54 828.80 205.92
582.13 840.84 342.69
600.03 216.31 157.53
726.35 730.80 274.82
88.24 449.02 72.91
352.99 218.29 115.82
736.00 716.79 189.12
815.88 894.73 362.44
848.00 763.84 225.57
785.51 977.43 435.14
271.46 839.96 168.05
561.72 585.60 166.11
425.61 185.62 126.09
873.19 75.49 68.68
58.51 163.72 40.73
430.73 680.22 195.13
307.15 416.21 22.13
975.15 395.61 183.65
628.06 243.60 173.39
563.20 29.10 26.94
910.53 464.08 238.79
86.65 189.31 36.98
267.13 614.92 185.58
663.91 488.10 268.83
955.00 710.13 252.11
531.58 304.37 45.86
489.96 611.52 264.52
165.12 750.18 93.57
898.52 378.24 218.42
395.75 104.95 82.95
33.93 15.48 10.46
512.07 102.12 83.12
739.32 369.24 240.37
152.18 196.66 62.72
804.05 151.65 86.40
619.62 846.74 212.74
115.41 500.21 73.32
27.40 828.84 26.14
498.51 727.35 251.26
376.73 286.62 149.52
284.05 320.54 139.72
982.48 996.12 467.10
706.70 898.95 261.85
209.34 51.13 20.44
200.08 18.69 16.97
64.46 638.30 54.71
233.21 753.70 178.10
13.46 944.61 9.21
543.89 443.11 243.66
779.59 983.36 399.14
956.72 430.92 232.46
312.83 413.40 173.34
771.06 120.09 103.11
762.05 329.42 208.40
949.69 693.02 183.49
616.01 757.47 263.71
129.07 990.67 79.47
305.86 4.13 3.89
475.00 711.53 107.61
371.48 491.12 148.20
718.10 611.35 330.10
385.25 924.17 184.15
212.03 695.23 145.66
774.24 457.27 270.29
714.61 570.47 301.75
510.14 349.99 127.00
107.49 642.58 42.04
458.53 948.43 277.36
754.17 586.94 166.86
656.44 958.41 281.54
542.06 676.50 299.39
858.60 61.74 57.60
588.52 273.77 163.90
602.05 211.52 149.71
108.51 926.13 20.86
307.98 599.78 203.13
264.91 870.78 61.54
212.51 329.30 33.90
327.75 246.99 55.05
154.52 903.42 94.41
635.91 445.48 261.74
565.13 304.07 196.40
745.55 56.10 52.17
457.67 821.66 291.19
954.09 930.16 453.07
20.97 401.65 13.24
601.35 666.56 310.75
824.31 879.06 404.23
995.68 206.81 110.20
917.51 524.84 210.03
961.26 160.74 136.65
517.98 725.86 295.09
463.48 471.40 194.44
846.26 92.58 78.98
440.56 46.66 41.62
124.49 231.14 66.94
571.72 996.01 356.08
889.73 820.31 321.16
700.55 979.50 245.72
921.87 60.52 36.99
46.60 21.77 11.67
616.81 703.27 264.26
818.11 166.74 135.27
911.99 13.00 12.61
154.57 617.07 120.38
163.78 741.55 122.20
738.15 313.27 219.44
979.08 366.51 252.06
262.58 67.05 52.94
916.40 152.43 71.11
931.53 199.02 163.65
270.91 979.34 195.41
336.15 797.45 231.37
199.83 872.95 157.78
156.08 27.51 22.67
322.50 354.80 95.63
883.58 256.47 132.17
277.14 399.06 157.10
818.04 661.63 356.41
174.92 578.02 124.56
755.83 673.06 233.24
358.50 943.96 258.23
664.44 443.63 238.56
300.63 643.45 203.22
113.33 799.52 49.15
543.09 285.53 175.42
877.91 169.11 93.01
526.00 609.76 231.65
704.10 427.80 237.07
949.25 766.23 317.47
346.81 522.05 142.69
106.91 880.54 52.08
846.35 708.49 375.52
546.74 172.63 124.12
956.56 285.95 217.52
557.41 992.55 355.86
676.57 33.98 22.17
888.67 723.49 395.13
499.82 427.58 229.60
936.11 376.82 129.01
113.93 723.63 69.89
128.32 994.05 91.18
86.66 3.91 2.47
652.15 550.65 273.01
861.07 670.72 352.64
33.03 228.12 3.20
654.03 904.68 379.20
444.13 956.86 135.50
843.98 456.67 261.43
671.63 556.29 301.01
265.49 833.73 198.80
544.92 962.04 275.05
868.40 48.70 42.84
900.36 700.84 348.03
268.47 725.42 168.96
922.53 921.96 404.34
896.17 575.98 331.56
740.26 183.62 130.87
471.35 27.60 25.98
630.01 862.74 316.27
165.49 291.74 99.88
588.11 836.65 341.15
4.78 868.56 2.90
588.87 932.44 360.90
723.60 200.90 135.20
365.52 286.94 151.19
562.60 183.10 120.30
664.36 86.87 61.34
886.49 721.73 270.24
565.28 351.74 194.70
963.88 680.74 181.66
196.21 268.85 103.57
390.57 437.14 52.10
797.14 189.52 148.84
68.06 913.11 29.96
64.39 278.62 30.24
982.68 4.74 3.90
803.99 669.09 269.78
645.39 719.09 205.71
841.42 284.36 91.01
736.66 411.76 93.06
87.15 607.96 42.31
437.81 162.04 117.87
657.03 122.69 73.30
972.19 190.74 110.38
488.25 418.64 144.47
291.25 564.84 166.47
440.86 368.82 199.64
677.33 177.72 126.17
799.05 19.13 13.24
272.50 755.78 199.07
590.21 6.44 3.58
176.75 607.77 108.63
363.95 264.79 127.12
740.65 400.49 89.79
30.46 888.74 22.44
762.40 343.50 160.21
499.07 947.87 119.44
68.34 625.19 56.75
520.21 587.76 263.41
256.43 23.77 21.63
404.41 613.97 241.26
323.85 790.72 224.63
405.33 318.18 120.38
773.00 58.82 41.21
331.41 252.79 72.07
471.97 15.18 3.68
177.36 677.76 79.70
415.08 909.61 260.25
830.51 429.81 259.31
428.58 686.24 241.09
782.42 254.16 131.98
306.21 578.00 184.61
437.77 146.84 24.46
834.10 919.84 280.57
957.96 251.24 197.56
807.03 886.72 373.48
326.63 227.59 72.96
630.57 806.18 339.60
886.74 636.68 369.56
567.13 228.77 124.92
434.81 11.18 8.00
79.98 317.38 52.58
515.85 755.14 297.65
433.42 752.76 195.77
409.80 710.71 49.65
802.48 681.26 339.22
373.86 171.40 100.94
623.00 801.97 268.77
945.26 852.22 347.53
697.32 582.86 279.07
462.66 17.67 16.67
318.62 261.16 112.82
79.62 777.00 66.89
823.94 210.41 156.72
488.08 783.72 137.95
730.50 749.72 184.39
696.10 123.57 92.09
52.81 910.08 42.23
215.68 855.33 94.70
15.23 716.17 8.28
207.05 178.82 95.43
573.57 660.95 295.95
257.46 740.57 187.94
23.52 728.02 17.64
542.34 379.61 166.68
935.38 110.10 67.78
9.67 969.72 9.43
418.87 22.52 18.22
793.56 238.19 179.98
20.45 416.93 19.43
830.20 787.50 403.34
657.61 524.58 253.74
909.69 945.55 335.69
102.29 969.06 80.36
505.29 511.39 216.29
855.52 446.76 143.20
955.47 619.94 357.42
342.50 202.33 93.88
639.60 995.88 322.08
955.55 16.32 15.77
987.66 10.04 9.68
525.62 667.64 290.71
724.53 740.85 67.79
827.51 6.65 5.76
822.03 675.45 324.98
196.15 530.96 132.40
843.88 649.94 220.06
461.33 992.43 308.00
101.28 632.03 83.34
306.46 751.09 185.72
765.05 902.27 346.18
338.16 427.88 187.76
435.85 315.92 166.35
315.55 143.43 96.36
327.83 965.45 206.41
15.02 325.11 13.53
148.96 168.98 72.09
66.35 630.30 41.33
349.59 895.10 244.45
628.69 201.55 151.92
251.15 130.11 85.36
720.12 468.27 194.31
20.25 67.63 15.30
388.25 546.69 225.09
599.38 874.52 312.77
649.46 53.05 44.46
230.50 365.52 105.46
461.48 595.38 223.06
11.92 944.96 8.19
194.38 737.17 147.26
127.92 988.31 72.31
963.73 871.95 454.59
390.93 55.71 8.24
134.04 443.95 98.91
184.10 206.84 96.86
363.11 856.30 161.15
867.23 86.79 76.25
540.32 711.78 303.44
7.22 723.69 7.15
532.74 918.06 315.35
259.80 209.50 109.50
116.96 173.22 49.77
605.91 727.66 320.40
162.47 25.21 9.89
429.24 209.30 79.50
570.52 572.41 275.85
928.36 439.63 293.34
651.71 143.46 97.47
970.44 150.67 128.63
234.12 846.92 140.42
562.00 106.71 89.52
878.18 223.67 176.32
66.31 993.09 19.70
473.65 319.07 187.70
488.46 748.31 237.82
710.11 482.34 220.98
788.04 410.70 267.16
279.80 62.40 51.02
483.34 32.83 24.53
574.08 430.46 242.37
909.91 155.97 105.04
291.72 34.15 30.31
173.77 263.97 91.03
619.96 901.13 362.75
254.87 389.59 46.13
262.59 263.21 123.68
842.72 214.76 161.25
25.98 494.56 23.51
352.70 141.41 99.86
993.60 879.00 437.70
481.41 788.90 286.53
75.93 244.13 57.50
57.63 417.90 31.97
32.41 201.37 27.59
489.78 619.75 261.39
531.92 882.33 326.47
219.92 725.04 128.49
318.61 751.02 111.39
643.22 267.23 50.53
164.17 260.82 100.25
115.57 742.22 77.05
386.46 981.67 274.54
527.97 39.29 33.04
260.48 235.22 114.08
730.60 724.99 232.10
753.81 420.42 229.50
203.75 803.86 124.08
868.44 285.98 215.09
191.20 929.19 152.07
491.84 93.35 77.49
998.51 372.44 255.72
130.55 758.89 103.81
670.24 450.38 197.97
791.34 710.85 374.12
113.80 604.96 35.19
56.00 522.29 29.86
880.53 726.03 335.13
593.61 757.98 292.61
221.22 949.17 151.55
116.05 604.52 93.59
435.21 603.02 246.26
496.58 897.08 252.96
703.14 730.84 349.90
948.98 522.17 240.69
593.55 799.49 321.90
126.62 855.48 24.69
80.10 736.00 71.55
0.96 493.12 0.93
207.79 714.33 119.83
507.32 830.37 300.68
63.72 429.09 53.99
992.55 925.67 374.70
843.79 628.80 350.61
145.39 741.29 117.38
321.36 334.83 82.44
265.81 624.96 183.43
732.53 868.57 302.77
252.32 33.04 13.65
366.55 240.82 116.72
756.99 748.14 242.17
588.41 811.85 285.35
349.89 967.92 256.95
844.92 811.70 330.33
397.82 957.08 238.21
472.88 441.96 199.90
510.95 871.28 232.46
240.97 767.32 182.02
34.02 19.63 7.23
320.19 549.70 202.28
320.69 306.68 154.02
315.07 58.60 32.26
738.53 408.48 230.45
251.18 416.91 134.66
392.61 814.72 175.04
275.33 287.60 102.53
656.38 798.54 359.68
825.91 203.02 155.47
864.00 400.55 114.03
771.60 720.74 362.10
247.06 41.42 33.12
470.65 520.00 186.68
669.61 422.04 197.09
999.99 673.21 368.81
142.07 229.34 86.21
404.74 668.18 154.24
109.36 488.07 78.09
848.77 313.97 191.87
519.01 177.96 67.73
45.36 113.08 26.83
284.92 360.13 158.85
831.15 994.30 376.28
435.98 827.42 272.03
449.28 827.40 272.04
879.48 132.98 107.07
287.92 537.71 153.47
983.95 810.58 354.66
805.55 822.86 328.95
830.16 341.87 207.63
418.84 387.22 183.95
564.72 835.66 334.12
79.06 666.80 70.67
113.38 102.77 41.33
569.74 715.56 173.34
862.83 595.04 327.28
548.76 882.95 269.13
739.35 30.42 29.22
581.52 835.96 342.89
737.65 666.12 288.41
235.26 84.95 55.30
9.46 813.18 9.29
980.27 55.75 45.26
108.88 332.65 60.84
228.43 65.90 49.38
175.37 928.72 131.94
255.28 641.00 131.63
872.90 380.34 175.74
464.62 125.37 75.69
879.19 26.53 24.04
799.14 425.31 277.58
269.82 434.76 106.04
412.64 415.02 194.72
549.29 687.42 285.57
788.70 79.36 64.17
580.15 254.72 176.95
293.67 509.99 107.17
890.14 382.89 264.69
680.53 11.02 7.10
306.88 53.72 44.95
599.34 852.85 293.05
303.78 286.18 127.78
821.40 698.81 255.08
558.28 248.09 162.39
627.80 36.79 28.36
763.21 780.45 379.17
990.86 237.64 109.65
695.98 291.29 167.38
108.47 971.81 97.34
646.32 278.69 182.20
210.70 41.54 31.65
363.89 345.32 125.86
788.32 166.71 137.26
791.29 888.50 416.24
808.70 516.29 303.25
741.95 279.49 190.81
929.90 433.87 258.44
627.84 293.36 194.62
35.70 401.83 32.66
291.05 211.66 99.07
763.63 585.87 330.92
252.57 949.76 185.08
27.69 738.07 26.18
665.13 692.87 339.22
714.17 501.57 289.22
963.52 407.03 263.01
156.83 336.92 81.91
587.77 128.28 93.15
309.99 163.97 104.15
167.53 618.54 119.71
303.76 545.68 177.83
481.52 961.77 217.99
4.59 152.97 4.17
21.40 981.61 20.84
763.18 859.29 399.57
184.76 822.80 150.81
49.34 979.62 39.02
511.31 730.90 204.93
103.11 40.88 26.75
96.73 371.93 74.84
465.52 675.68 275.60
583.70 320.71 178.71
488.11 488.81 201.51
294.11 510.20 117.36
120.01 436.89 51.71
447.47 621.64 142.94
181.95 834.49 147.08
416.86 345.79 187.15
943.57 612.41 371.36
797.76 872.65 416.24
270.48 501.69 124.35
615.91 85.38 71.69
923.11 573.49 314.92
546.78 31.11 14.15
315.58 151.11 95.51
943.66 598.57 343.87
558.05 944.03 350.30
152.06 360.88 74.35
640.49 467.96 130.52
169.79 265.71 66.82
71.01 699.70 58.04
811.42 315.61 216.99
872.53 402.23 274.31
422.44 112.52 69.97
482.54 428.09 223.80
143.04 535.26 112.47
425.17 93.31 74.39
705.30 245.36 155.86
658.26 885.84 376.93
60.11 219.14 46.12
334.60 290.14 82.22
274.29 265.07 35.40
299.35 301.11 116.40
897.90 723.54 332.97
854.58 369.59 255.29
962.37 512.62 328.11
832.23 101.30 39.43
646.12 970.12 386.25
820.88 628.37 302.36
627.11 688.47 284.95
699.05 186.58 129.31
634.21 624.38 287.17
884.96 923.73 322.63
701.46 985.14 408.79
793.99 839.71 246.60
314.60 802.07 175.93
370.47 634.30 219.80
519.64 280.41 177.36
77.69 264.80 60.03
521.57 55.42 34.50
348.10 917.99 231.20
628.29 552.19 291.67
173.55 600.66 130.65
19.91 465.63 10.83
753.32 259.61 174.07
19.84 574.21 15.45
798.98 108.19 94.56
842.93 627.83 325.80
856.99 705.51 183.28
662.93 390.59 205.07
157.34 902.20 101.59
838.33 530.49 275.53
307.21 704.03 213.65
699.81 887.45 378.79
77.54 640.76 43.06
458.49 824.12 231.22
805.03 786.61 397.67
949.38 629.53 368.74
374.13 650.03 182.09
227.19 312.95 83.71
135.67 470.29 76.53
125.64 472.13 55.55
667.80 779.33 243.16
974.13 479.13 194.43
582.56 720.18 319.05
777.64 342.18 236.71
546.92 310.73 195.42
424.39 260.10 159.77
93.19 634.23 77.84
631.02 24.93 12.94
559.42 324.11 169.82
553.54 449.75 245.65
78.14 281.06 61.14
470.28 255.18 110.35
749.86 1.25 0.81
833.72 778.89 368.52
741.68 489.32 273.45
436.25 913.70 276.64
760.33 170.41 64.15
61.48 801.42 53.41
512.05 524.35 255.63
596.42 241.41 165.65
316.43 483.06 180.23
652.24 953.34 337.59
630.69 866.71 236.57
492.83 700.42 258.98
860.66 442.10 290.16
375.70 878.34 263.03
314.35 802.18 149.70
887.22 863.65 279.03
648.53 539.21 204.68
897.47 299.14 208.88
596.15 615.56 80.95
739.40 267.79 138.09
137.82 61.99 40.64
701.01 718.33 182.30
43.07 578.99 38.27
874.45 118.20 100.77
946.57 432.54 113.30
25.56 483.27 21.66
69.49 295.31 15.58
801.28 192.78 122.33
610.95 952.44 191.71
230.71 691.84 113.18
640.29 993.17 387.26
80.09 857.69 63.47
383.82 900.76 238.43
129.65 938.72 113.88
917.32 885.28 344.43
507.17 910.84 164.39
124.19 143.84 57.33
280.41 945.11 187.96
899.28 719.57 374.06
970.19 950.27 444.07
635.93 754.07 59.99
363.65 997.67 49.20
973.21 545.01 323.93
325.28 674.65 216.55
795.53 591.96 279.24
861.84 262.65 194.51
574.92 550.35 137.43
419.79 994.27 240.23
784.47 893.54 395.58
101.59 27.25 19.15
110.53 663.17 93.53
439.68 26.81 24.56
463.00 163.53 111.74
714.10 488.80 288.35
740.40 284.33 199.32
815.50 146.16 100.79
964.94 721.07 412.23
421.74 304.38 160.01
660.11 252.36 165.49
945.09 353.94 209.55
180.33 627.99 77.91
333.15 67.66 23.01
483.64 694.17 284.25
179.13 408.27 25.90
549.26 312.18 197.31
838.39 291.19 208.83
390.15 256.13 122.49
655.78 677.86 316.64
915.66 501.48 140.36
69.08 610.08 54.97
413.26 790.40 222.29
420.60 123.55 73.53
618.26 607.18 297.18
979.45 949.83 367.29
992.95 499.08 332.13
290.77 500.98 123.58
898.26 891.13 427.60
226.81 710.42 142.75
186.78 626.07 103.02
399.10 695.15 164.83
965.35 271.92 171.42
323.11 692.52 161.99
748.52 474.29 290.07
868.09 453.73 237.29
559.45 610.19 257.40
562.98 900.95 329.47
21.21 799.20 20.00
735.57 189.53 149.43
291.29 376.30 154.39
348.49 938.91 250.85
179.29 67.77 45.19
964.00 390.87 272.53
872.25 139.38 71.50
551.19 170.99 119.73
179.96 730.43 114.49
471.32 456.92 203.78
263.65 478.12 169.64
110.63 377.20 80.44
668.01 668.49 256.28
14.98 180.49 9.65
220.61 359.77 115.32
534.64 487.28 25.60
868.21 359.52 238.33
512.55 910.71 202.28
937.66 254.18 138.41
809.43 725.49 56.06
745.66 152.65 64.85
481.09 426.79 209.83
569.56 258.32 168.75
34.32 273.29 1.84
601.50 657.42 233.08
399.97 192.05 101.36
589.30 223.77 153.18
918.00 899.84 318.64
581.21 837.49 318.13
974.83 810.43 401.69
988.89 719.60 344.75
644.58 364.21 138.38
840.98 933.76 285.78
705.87 131.60 110.23
914.76 896.61 312.24
483.41 296.57 183.80
702.86 885.86 391.90
