100

2 100.00
200.00 -100.00 0.00
200.00 100.00 0.00

2 100.00
0.01 10.01 0.00
0.01 10.01 0.00

2 0.01
0.01 0.00 0.01
0.01 0.00 -0.01

68 79.18
182.11 11.22 34.53
24.46 -39.83 53.70
94.32 -3.98 2.30
192.09 -13.37 22.35
17.43 -1.92 -3.32
134.54 7.21 -0.00
78.36 -14.27 1.45
16.07 63.31 9.10
67.16 -2.85 5.93
73.78 -3.93 1.83
164.56 -3.22 27.30
40.47 -2.01 0.27
135.96 -64.52 -14.73
98.21 -3.22 -0.80
48.73 -2.47 22.19
168.68 -24.88 -26.28
126.77 -56.88 30.10
86.16 -0.06 0.02
169.48 -0.18 5.79
85.91 -12.64 44.42
123.55 -1.70 4.61
70.94 -0.57 3.36
130.71 1.39 -0.68
95.85 -0.04 0.45
82.72 7.05 -1.98
101.21 -25.48 -21.69
17.61 -28.88 20.00
123.26 3.63 -2.53
115.16 -0.00 -10.72
151.56 -2.23 3.54
59.88 6.47 4.28
82.23 -0.75 4.55
33.56 -0.64 0.16
47.31 3.46 -0.24
88.45 -2.36 -0.92
161.51 -0.78 2.74
19.66 0.00 7.10
102.02 23.00 -39.84
166.83 -2.43 3.33
169.51 14.40 -18.06
78.51 4.78 -3.47
172.86 -0.79 4.11
119.83 14.39 6.93
161.09 -5.20 1.12
130.18 -67.11 -10.81
60.89 -24.48 -4.58
21.58 -5.75 -7.22
188.72 -0.51 16.23
110.23 -0.33 5.55
56.30 -3.38 1.68
160.48 -5.47 4.95
57.00 -0.09 1.60
107.83 15.90 -14.49
4.24 -2.49 -5.45
106.23 0.23 -0.00
145.03 -13.71 30.67
51.13 -14.61 64.02
120.04 -5.38 -1.01
81.16 -37.47 -10.17
64.55 -4.33 15.95
103.19 3.68 -3.00
102.74 -8.22 19.85
155.28 -4.19 0.65
32.81 -0.05 0.72
92.92 -18.43 23.96
157.66 6.64 -0.00
160.47 -1.20 -9.88
144.47 67.34 32.43

35 19.56
118.58 -0.46 -0.17
157.35 -0.64 -0.81
93.72 -0.25 0.04
190.29 -1.10 0.97
31.88 1.98 -9.52
120.70 -0.04 0.14
150.10 3.66 16.99
194.03 -0.66 -1.59
11.55 0.58 1.62
62.11 12.75 -10.40
107.83 -0.31 0.39
65.65 -0.95 0.79
138.21 -0.07 0.14
169.45 -0.34 0.25
98.17 -0.07 0.08
108.90 -3.85 16.87
1.44 -0.71 1.13
78.78 -0.53 0.26
37.86 -0.37 1.42
61.85 -17.37 -8.61
189.91 -0.88 -0.22
29.71 -1.31 -15.83
42.34 -14.56 -5.30
23.29 1.38 -0.84
119.75 0.07 0.15
6.21 -0.61 0.66
130.71 1.45 0.43
105.93 -5.50 -6.15
117.06 -11.63 -6.11
156.31 -0.00 -7.66
5.73 -0.02 0.00
154.72 13.99 5.42
54.20 -1.48 -1.02
48.26 12.63 -4.33
72.53 -1.57 0.00

28 81.70
37.79 -74.66 24.26
172.57 -5.89 4.08
132.82 -6.76 -0.99
169.91 -3.37 2.00
115.70 7.18 -3.50
163.44 1.80 0.87
64.45 -2.38 -6.27
115.29 -68.11 -10.97
199.10 -42.84 46.54
20.24 -20.05 70.47
12.69 -25.00 62.73
37.18 -0.63 -2.78
114.66 12.87 -12.87
19.51 -6.00 1.38
142.69 -0.94 0.75
1.40 -6.16 2.10
131.74 -31.73 4.78
109.97 -2.84 4.43
168.07 -10.50 57.72
97.01 1.73 0.67
190.08 -16.16 74.71
32.49 -3.16 5.38
81.41 -5.93 5.04
113.17 -13.16 27.83
99.98 -0.37 5.43
45.17 -4.37 -5.79
168.40 -33.91 49.12
184.45 17.32 37.93

74 78.87
91.72 -27.22 55.48
174.87 -5.25 -4.47
0.93 -1.54 11.99
35.12 4.22 -5.88
18.50 -0.63 6.12
164.31 -1.12 6.98
87.38 -3.60 6.95
106.40 -74.06 26.38
83.91 2.11 4.82
10.39 31.89 -0.00
61.65 15.15 -72.92
56.05 -2.79 6.36
32.37 -5.63 4.19
82.53 2.88 -5.58
126.14 4.36 -2.29
134.76 -1.64 -0.89
41.22 -3.13 0.97
14.82 4.87 -40.11
99.53 -5.42 -4.37
17.06 20.82 -18.98
50.91 5.22 -1.43
18.80 -4.73 36.94
13.89 -0.02 0.31
34.27 -40.01 -34.06
130.20 -0.95 1.19
157.90 -1.57 -4.64
100.76 -24.89 -73.64
89.85 -10.57 17.05
147.17 -0.52 1.87
139.83 -0.39 -5.00
90.42 -7.25 0.00
41.09 69.85 15.37
59.00 -11.57 58.15
61.82 -10.55 -15.93
167.61 -1.25 1.94
129.06 -0.80 6.27
169.09 -1.31 6.99
85.04 -9.68 34.03
186.04 -19.87 35.05
142.76 -0.58 -2.18
62.71 -9.16 68.70
160.56 -33.43 44.27
142.44 -3.06 -3.83
123.25 -15.42 3.07
127.83 37.07 11.15
51.08 -3.96 1.24
100.48 1.70 -0.00
187.45 2.33 -0.00
158.39 -2.26 18.37
118.79 13.08 60.69
83.32 -0.60 0.68
197.61 -7.63 25.07
141.95 -23.10 12.23
72.11 -40.41 -57.25
86.73 -10.82 -8.63
138.07 -4.89 -31.91
196.09 0.20 -5.07
51.31 39.72 -20.85
76.30 -1.69 2.54
187.92 14.77 -7.20
48.31 -2.97 6.29
8.87 -15.58 60.17
119.00 -2.43 -1.32
187.20 -4.64 -1.16
10.65 0.70 -3.37
12.49 -5.72 -4.16
181.76 0.17 -0.00
85.94 -2.17 7.13
7.80 -2.37 2.10
47.05 3.23 -19.69
147.00 -10.65 26.72
120.68 -1.45 3.78
90.13 0.82 -0.11
161.53 -2.28 2.23

60 71.67
76.46 -0.16 3.19
128.86 -0.86 6.71
175.72 36.32 -20.45
156.09 -0.76 6.21
193.44 -21.57 18.72
3.04 24.77 15.92
20.19 -2.80 -0.41
102.97 -0.92 0.62
180.01 -2.61 12.06
20.62 -1.00 1.80
51.97 21.47 48.96
63.85 -1.68 4.44
197.59 -4.00 5.20
59.30 -3.93 -3.34
89.56 5.69 -0.39
186.06 -11.69 54.01
43.98 -0.01 0.02
6.85 -56.98 -23.60
116.49 -1.75 -1.75
125.14 -7.83 70.53
103.96 -11.15 12.27
116.73 1.26 -0.81
175.01 -1.53 14.20
133.80 -0.64 4.32
42.70 -33.26 61.91
167.98 -1.55 -0.46
120.13 -2.26 13.21
28.00 3.68 -14.54
179.80 11.74 6.88
29.17 -43.13 25.60
16.33 -0.31 0.00
16.95 -23.95 -7.58
166.02 -2.46 2.37
145.20 23.47 51.39
173.85 56.82 -0.00
130.21 -5.50 1.70
96.89 -45.86 43.21
20.98 0.07 -0.00
82.57 -43.94 35.75
95.94 -0.34 5.69
157.24 -1.22 45.85
139.94 -49.71 -10.31
78.70 1.45 1.02
10.93 4.78 -0.98
59.47 -0.50 2.75
106.39 -12.49 -54.71
4.17 64.95 -0.00
165.10 22.02 -24.85
170.01 1.23 -1.54
80.52 -0.28 1.16
178.95 -31.15 50.23
23.88 29.67 8.93
84.10 -23.89 63.00
3.78 3.17 -4.42
131.30 -0.53 1.07
60.11 -4.69 -1.71
63.28 -15.72 -37.63
107.60 -1.88 -3.78
65.28 -6.14 -3.41
193.32 -15.87 41.43

39 26.83
194.93 -6.09 -8.63
152.53 -13.84 0.95
153.61 -6.81 -0.74
40.59 -0.84 -0.42
99.97 -1.12 -1.12
154.52 -19.73 -10.95
133.98 0.16 -1.97
107.04 -7.34 1.81
17.43 -21.41 15.92
79.97 13.10 -22.68
164.18 -0.05 2.11
170.14 -2.27 11.73
88.30 -2.56 10.39
136.79 -20.61 5.41
66.04 -0.15 -0.21
186.74 -1.06 6.64
114.38 -0.07 2.30
86.13 -4.09 17.94
90.26 -0.72 6.50
35.20 -1.05 1.55
113.51 -0.81 8.70
75.15 -0.69 0.31
135.04 -4.66 11.24
43.99 -0.05 2.65
12.23 -0.95 14.92
193.92 -0.59 0.68
86.03 -8.51 -4.99
115.80 -2.22 11.48
4.35 -8.59 6.68
176.78 -1.58 0.00
134.10 -17.65 -7.78
68.79 -4.39 0.00
94.72 -1.82 -3.39
14.37 -1.76 -1.28
39.85 -0.50 2.21
27.59 -1.14 0.08
76.05 -0.22 1.16
100.32 -0.44 -0.29
48.09 -0.02 0.11

72 56.58
27.98 -0.55 2.02
150.65 -2.97 -4.49
50.20 5.06 -1.42
94.81 -3.09 1.49
63.45 5.43 -0.00
140.21 -0.78 1.78
90.79 -4.82 0.57
158.70 -2.36 -3.34
6.84 -2.68 2.08
172.01 -12.28 0.00
46.77 -1.86 0.49
52.15 1.26 -3.14
46.28 -1.63 -0.72
30.34 -0.02 0.40
52.20 -0.02 0.02
24.41 0.15 0.33
59.70 -2.52 1.22
86.69 -0.00 -3.60
68.25 -32.42 26.95
79.08 3.58 1.08
3.13 -1.78 -1.29
190.57 -52.16 13.68
26.16 3.89 -3.89
112.27 -0.21 3.84
85.84 -2.18 0.00
70.34 2.36 -3.89
93.01 -4.48 -1.97
29.79 -0.58 4.04
76.93 2.10 1.59
93.27 -3.33 -3.72
182.49 -1.17 2.02
32.69 44.81 21.58
30.47 -0.18 4.36
109.06 -0.08 0.07
159.11 -14.07 6.33
192.00 -4.01 -0.59
152.48 51.92 -0.00
90.20 -23.74 47.68
101.12 -3.78 -8.27
58.60 -0.05 -0.08
12.68 -0.36 2.02
48.53 26.59 33.35
126.27 -1.32 4.54
168.18 -16.83 47.62
124.04 0.42 -0.43
97.29 -0.00 -35.11
138.36 -1.62 3.77
196.65 -1.28 3.27
199.57 -21.68 7.05
140.26 -12.59 6.26
114.96 -12.98 2.58
88.11 -16.89 18.95
186.10 -3.50 32.54
173.37 -22.11 48.54
112.27 1.64 -0.00
143.14 -3.02 34.47
142.19 -0.63 2.84
175.73 -25.47 38.36
43.35 2.49 -1.22
123.28 -40.10 -9.15
128.85 -0.90 9.72
154.93 -2.37 1.93
33.13 -1.14 1.59
25.41 5.97 -13.07
88.18 0.49 -0.96
27.91 24.34 -0.00
77.35 -0.90 -1.81
196.51 -0.50 1.17
114.98 3.15 2.40
85.39 -12.59 -33.19
72.21 0.48 -1.15
152.09 -28.11 44.53

5 69.30
104.15 -37.95 18.28
94.30 -1.54 1.39
27.36 1.78 3.19
126.53 -2.01 3.07
63.35 -38.00 3.23

85 75.91
94.69 -4.35 4.01
151.14 -12.12 9.01
125.60 -0.89 1.44
140.44 1.63 1.95
51.15 3.42 -0.00
29.94 -0.42 0.62
153.94 -5.35 -46.30
113.87 17.37 5.23
120.09 -2.77 2.83
117.42 -6.14 3.15
151.08 -0.63 2.02
13.91 -15.32 8.85
21.76 0.00 10.11
128.71 -1.98 -2.29
67.69 -0.06 0.89
187.72 -42.69 27.43
189.00 -0.52 -0.21
95.88 7.02 -1.92
73.85 -1.13 2.63
14.14 -6.36 0.00
121.50 -0.53 5.43
46.33 -1.16 5.82
158.90 -0.12 0.08
191.53 44.07 25.82
39.20 -12.79 -11.48
84.01 -3.18 1.84
84.83 2.72 -3.41
113.10 1.23 -3.79
181.03 -25.11 -46.81
84.43 6.15 4.07
198.86 -1.54 5.80
103.65 -27.31 6.73
131.85 -36.15 48.75
2.29 5.71 3.67
124.98 -32.95 35.79
16.35 -21.13 59.81
178.51 -1.21 6.86
83.19 -21.81 -12.10
20.54 59.53 4.21
85.14 -4.24 5.03
9.27 5.20 24.12
112.95 -7.11 1.30
60.96 3.88 -11.95
40.80 -1.10 7.41
14.22 -5.55 2.76
46.54 -42.84 31.86
156.30 -25.72 69.90
166.83 -3.28 6.81
38.33 -6.12 37.04
96.44 43.88 -24.71
79.14 -1.93 -1.20
158.42 -2.86 1.37
26.33 2.65 1.03
118.06 -3.03 4.88
100.02 6.25 3.66
97.56 -33.55 21.01
27.63 7.35 -0.00
61.47 -15.85 -37.95
122.59 -0.69 -5.67
79.56 -1.22 -0.20
165.84 -0.23 0.33
171.82 0.39 -0.35
194.45 -5.65 22.37
10.40 -0.51 2.12
156.76 5.05 -4.12
135.97 -46.04 -5.01
177.22 -6.20 1.63
127.25 18.10 -28.08
188.50 -1.07 13.76
41.13 -66.11 17.34
171.41 1.19 2.60
97.01 -1.97 1.10
15.07 -22.64 10.90
170.00 50.74 -0.00
194.76 -0.00 -20.63
86.93 -12.87 34.98
89.10 6.08 -1.25
162.41 -0.36 -0.78
110.34 -67.83 -8.67
156.92 -10.03 43.96
188.94 -0.96 -5.04
181.45 -1.06 0.66
189.86 -6.18 10.52
57.85 -12.54 13.81
13.47 -12.62 20.35

16 24.06
73.20 -0.65 -1.13
99.23 -0.67 -0.70
190.93 -0.05 0.43
107.25 -1.66 0.59
141.57 -0.15 0.05
184.81 -16.52 -8.67
72.93 -0.56 -0.59
87.00 -0.02 0.20
70.05 -6.26 12.52
91.57 -5.43 -1.24
20.19 -16.72 11.58
42.40 -1.60 5.75
186.15 1.91 -0.00
171.43 -2.10 0.21
123.08 -6.70 7.66
190.87 -13.20 -4.81

89 73.31
157.21 -21.60 -25.55
177.45 -30.37 55.52
119.84 -4.72 5.50
171.27 4.17 -5.23
117.22 -0.10 4.33
102.97 -5.29 -5.01
157.67 -7.25 0.50
70.76 -6.21 0.00
199.46 -4.93 26.27
65.85 -25.85 68.17
46.96 -40.73 26.85
20.67 -7.84 28.21
155.66 -8.05 1.25
166.43 -0.25 0.30
45.95 -33.75 1.17
33.27 -0.16 2.05
80.76 9.68 21.19
63.69 -2.04 -2.04
69.98 -16.77 55.10
56.74 -2.63 65.34
142.00 -1.55 0.55
62.84 26.55 -58.14
173.36 0.18 -0.09
55.36 -9.24 50.82
64.74 4.44 5.57
135.08 -0.46 -0.37
28.76 -0.15 1.64
181.65 -39.80 -22.09
77.98 -6.61 13.73
31.08 -0.56 -7.28
130.21 -0.07 0.11
153.37 -41.12 49.71
171.00 -2.21 4.50
91.03 -4.95 45.99
7.58 0.40 1.11
39.15 -4.75 60.84
180.18 0.08 0.04
154.12 -19.39 16.12
90.74 11.77 0.83
94.69 -11.78 31.06
67.61 -4.99 1.57
84.86 -2.13 -1.03
161.34 -0.53 2.66
131.44 -13.32 68.93
84.05 65.15 14.34
27.67 0.20 -5.13
55.80 -1.25 0.39
55.57 -7.37 14.22
87.48 -43.32 3.69
105.96 -0.14 -3.47
24.98 -25.49 21.66
49.07 -23.49 -26.24
69.05 -27.73 18.74
147.00 -2.59 12.65
157.74 -1.03 5.52
146.90 -2.12 4.17
192.52 -0.87 4.15
123.09 -31.21 -15.47
89.55 -0.05 0.13
54.10 -0.14 0.22
35.03 -0.49 -0.65
171.88 17.33 -49.53
47.70 -4.61 2.89
15.66 -1.53 1.78
5.79 1.24 1.49
15.29 -2.17 -1.27
141.11 -2.09 51.94
152.59 1.87 -4.52
156.82 -2.36 0.00
135.32 5.31 -4.34
0.68 -5.12 3.63
79.29 -2.22 6.54
23.35 37.88 -34.53
75.17 -4.97 -0.09
107.45 -2.24 2.33
100.74 14.50 67.28
30.19 -3.76 -2.73
79.86 -6.43 2.49
44.42 2.77 0.20
150.28 1.39 1.17
124.11 -0.26 58.83
21.72 2.65 6.03
177.76 0.00 3.42
155.52 -0.54 3.77
198.72 -0.24 0.11
38.43 -1.76 3.94
6.95 2.51 23.21
12.45 -3.18 -5.51
182.64 41.88 -58.37

19 5.44
60.55 0.01 -0.09
26.64 -0.39 0.23
118.30 -0.27 0.72
108.46 -0.05 0.13
187.29 -0.72 0.29
78.00 -3.03 2.69
144.13 -0.29 -0.02
104.25 -3.49 0.64
124.51 -0.11 0.47
195.05 -0.36 0.83
75.61 -4.42 1.78
47.78 -1.69 1.00
17.47 0.32 -0.00
144.87 -2.58 3.12
46.04 -2.00 1.29
67.70 -5.00 -0.09
61.38 -4.67 1.08
119.94 0.13 -0.45
54.55 -1.55 2.74

27 48.79
100.89 -4.41 1.38
197.41 -0.64 2.11
110.47 -4.31 18.38
180.36 4.60 1.38
143.47 -19.95 16.59
50.19 -0.42 0.20
12.17 -10.68 21.78
81.90 -1.78 6.70
140.08 -0.05 0.79
175.13 -0.01 1.46
53.68 30.69 17.98
164.55 -1.15 32.28
54.64 -0.98 1.00
133.35 -11.23 3.52
26.48 -2.76 2.54
24.71 -0.50 1.90
112.56 -0.82 0.27
135.43 -13.21 8.71
135.79 -0.45 1.55
180.24 7.75 -4.59
86.90 -0.60 0.29
67.63 -38.87 18.11
105.10 23.18 -14.90
116.00 -1.73 -0.47
168.94 -0.49 0.85
173.39 13.79 -26.77
135.90 -0.57 -2.97

49 35.44
114.53 -2.32 17.41
175.00 -3.25 -0.17
144.93 2.85 0.20
61.69 0.00 27.95
23.47 -0.00 -1.07
58.91 -0.20 2.04
180.25 -0.72 0.12
152.89 -7.18 -9.01
72.69 0.00 0.62
22.74 11.37 -0.00
43.84 28.80 -20.05
62.26 -2.23 1.11
91.67 3.10 -1.29
157.56 -25.50 -4.25
126.54 -6.96 30.50
124.97 -0.01 0.40
196.30 -0.25 3.17
34.45 -0.19 -2.33
82.20 12.57 6.05
56.44 29.55 -0.00
113.16 0.55 -1.37
126.45 -0.10 -0.01
62.71 -0.09 0.41
178.04 -0.24 0.05
165.24 -31.79 10.33
136.05 13.48 -0.00
26.40 7.88 24.25
106.02 -17.51 -8.68
120.06 0.31 -0.51
75.82 1.17 2.56
106.11 -1.03 -0.13
1.62 -2.92 0.00
13.80 -0.17 2.12
49.46 -12.60 19.96
68.47 -1.80 -0.41
195.26 21.53 -0.00
63.85 -17.36 5.10
36.00 -1.61 -4.24
147.18 12.81 -28.04
187.52 -10.90 -2.04
190.60 4.21 1.24
88.88 -11.88 -20.58
158.12 -0.23 0.55
8.83 -2.31 -0.04
99.57 1.42 4.38
109.31 -5.67 1.76
3.02 -0.07 0.56
79.15 -0.94 2.14
165.29 -0.29 0.81

19 52.72
175.03 -6.97 31.35
118.28 -8.93 8.41
126.39 -0.60 3.78
157.99 0.50 1.14
91.33 -32.99 29.22
94.45 -29.93 -1.06
106.02 -4.71 -0.79
72.12 0.11 1.06
0.95 -6.73 5.96
30.64 -2.90 22.66
26.32 -8.23 26.45
103.03 -0.11 4.31
191.11 -2.15 1.90
13.35 -31.69 13.76
88.60 -0.42 1.83
18.19 2.66 -3.34
61.69 -11.79 9.80
19.79 -23.99 24.46
20.85 32.93 -21.16

32 31.46
45.26 -0.47 0.55
17.07 -0.07 16.51
31.79 -1.32 2.25
37.24 -2.96 -0.48
135.39 -1.08 1.84
59.79 -9.20 12.18
180.93 -12.43 1.47
188.72 -1.84 0.48
34.26 -0.82 2.11
144.85 0.13 -0.13
88.69 0.45 -0.31
54.51 -0.95 0.00
70.89 7.76 -10.81
57.34 -1.56 4.50
135.97 -1.61 5.80
122.45 -0.54 -0.39
196.44 -8.33 -27.46
85.59 -10.94 18.95
40.54 -0.73 2.03
146.02 -5.61 -16.44
11.29 -0.39 3.02
18.37 -7.25 6.43
97.61 -0.27 -0.09
28.63 -1.13 0.10
1.64 -2.03 10.49
50.57 -2.72 0.42
17.40 2.41 -0.33
50.45 0.30 0.14
35.88 2.48 -1.51
59.84 -0.91 -1.05
119.41 -0.17 -2.22
33.38 -0.78 1.13

15 66.46
122.23 3.60 2.53
25.28 -0.49 8.38
149.11 -1.87 2.02
38.66 -0.72 -0.35
134.78 12.48 22.32
19.18 -1.07 2.63
145.31 -36.22 54.38
7.45 -0.04 4.58
59.25 55.12 26.55
138.84 -36.13 -22.37
53.29 -0.28 1.17
38.72 3.02 -5.24
44.50 1.37 1.99
26.65 -9.03 14.57
155.37 -2.02 64.85

87 56.30
19.52 -14.77 49.60
132.82 -40.41 27.00
126.77 -0.28 0.25
172.05 -1.91 -1.39
143.75 -16.10 11.42
179.65 51.77 -0.00
42.04 -0.69 -4.50
106.31 -8.50 11.05
87.20 -3.16 0.63
18.04 -0.02 3.89
146.77 -0.53 0.11
58.70 -0.01 0.04
76.36 -1.19 3.13
155.89 1.13 -2.82
121.67 -5.14 1.43
146.95 13.55 5.25
96.87 -0.73 4.88
60.28 -1.19 -2.07
26.49 -1.08 -0.54
53.59 -47.00 -29.10
71.58 -11.71 10.38
36.95 14.17 -10.29
7.52 9.12 16.31
54.43 -0.05 0.02
188.07 -19.33 -18.31
125.42 0.19 -0.36
19.07 -0.11 0.18
184.60 42.63 3.01
74.02 2.71 -0.93
105.59 -29.29 -34.65
63.37 -52.99 -8.54
177.62 21.47 -12.71
61.10 0.20 -0.63
42.23 -23.03 10.36
85.79 -0.69 -0.34
44.79 -2.90 0.90
106.13 -0.78 4.17
27.33 -0.62 1.96
9.52 -1.81 1.28
10.73 -1.78 -2.11
157.45 -5.43 -20.45
144.34 -4.39 -0.73
189.78 -30.56 -2.19
112.51 54.19 -14.85
145.37 -2.22 6.24
172.97 -1.72 4.55
146.21 -3.41 8.89
94.06 -1.18 3.79
197.37 39.09 2.76
101.37 -1.58 24.83
51.65 -1.06 2.88
116.94 -17.35 30.06
116.24 13.95 -9.71
166.96 -3.93 0.97
114.88 -20.03 7.76
198.86 -0.25 1.08
167.00 -8.37 -4.03
131.89 -39.76 7.91
36.11 11.06 -6.73
145.38 -1.99 8.08
15.23 -2.11 5.20
129.82 -5.15 0.00
25.97 21.85 -0.00
8.86 16.13 -18.21
60.84 -33.36 23.11
122.75 23.09 11.12
106.49 -1.37 3.96
162.51 -0.77 -5.05
195.15 -0.38 0.44
48.97 2.30 -1.21
128.78 -8.73 46.54
172.49 -0.57 -4.95
97.34 -2.62 3.00
51.91 -0.10 0.87
161.37 -0.30 3.11
108.58 33.42 -0.00
150.21 -0.53 10.68
151.91 -1.39 1.06
56.77 -50.81 0.00
75.76 -1.59 2.31
16.46 -2.63 0.31
16.61 -0.13 0.62
153.45 -1.40 2.55
159.42 -0.83 31.02
63.65 -26.02 19.80
191.44 -2.45 -3.27
64.91 -3.25 47.57

2 26.67
159.31 1.08 0.52
71.59 15.50 -0.00

44 15.18
129.72 -0.44 0.30
181.81 0.17 0.39
78.53 -0.00 0.00
131.88 -0.62 0.35
106.94 -1.66 3.72
176.19 3.25 -0.00
28.78 -0.32 0.06
74.26 0.09 -0.55
18.50 0.40 -0.37
185.93 0.09 -0.57
46.94 -0.94 0.31
111.55 1.50 0.22
143.17 1.34 -0.00
38.01 7.56 10.95
161.79 -1.43 0.35
159.95 -0.60 0.00
138.86 -0.34 0.95
12.38 0.56 -0.00
65.23 -2.80 0.00
8.60 -0.17 -0.01
145.59 -0.41 0.71
152.87 -0.05 -0.04
46.49 -0.21 0.47
112.16 -5.07 -0.75
100.55 1.52 -0.00
141.98 -0.78 0.65
16.47 -9.98 -7.25
42.93 1.08 0.76
108.41 -0.65 1.29
0.11 12.05 -6.79
70.57 -7.79 11.91
79.52 8.56 -0.00
73.18 -3.65 0.37
173.22 -2.02 13.09
147.21 -4.98 11.15
20.70 -0.18 0.58
57.04 -1.07 0.78
8.36 0.86 0.57
91.59 -1.35 0.20
139.27 0.28 0.87
30.60 -0.21 0.57
17.47 -1.97 -2.79
54.93 0.05 0.04
17.37 -0.46 0.39

36 49.16
58.58 -0.15 0.41
60.67 -8.51 48.26
59.22 -0.09 1.52
15.37 -21.18 -15.39
50.76 2.64 0.38
181.25 -2.41 -0.09
95.09 -6.99 38.40
125.36 -0.29 0.21
78.65 0.01 -0.03
197.13 -11.10 -10.51
139.87 0.47 -1.85
15.44 -11.43 28.68
82.38 -0.51 -3.54
36.26 5.53 -0.00
122.01 -0.82 -3.10
18.77 31.50 -16.53
33.71 -4.12 17.57
59.07 13.64 4.01
11.45 25.54 -32.02
164.28 -1.41 3.99
40.80 -11.06 -17.85
55.66 -1.37 0.62
49.36 -0.77 -1.69
145.34 -26.23 14.72
159.54 1.54 -1.12
135.76 -1.66 4.37
13.10 -0.58 -0.88
13.28 0.18 -2.23
178.78 -0.37 1.59
42.89 -1.93 1.34
141.24 -18.89 -30.51
55.61 -0.65 2.77
72.78 -0.53 3.99
7.68 -17.36 29.54
58.15 -0.86 -2.55
178.03 -0.72 1.89

3 10.68
118.26 0.52 0.04
126.75 -0.77 -0.10
59.09 -0.19 -0.42

21 3.36
144.79 -0.22 1.00
103.02 -0.03 0.05
14.96 -0.11 -0.16
101.69 0.06 -0.00
122.80 -0.31 1.92
15.96 2.00 -0.98
68.69 0.02 -0.01
164.44 -2.24 -1.39
38.40 -0.06 -0.14
199.67 -1.02 0.49
41.46 0.04 -0.05
37.81 -0.04 0.02
6.51 -0.55 0.15
182.33 -1.62 2.35
44.54 -1.61 1.87
12.64 -1.84 0.06
84.98 -0.10 0.16
13.45 -0.22 1.51
174.74 -0.29 -1.54
8.86 -0.15 0.07
89.29 0.18 0.18

92 96.44
122.62 1.01 -2.43
144.79 -1.79 0.33
95.53 59.94 -38.52
12.98 1.12 0.34
182.82 -23.68 22.31
41.87 -2.36 4.48
151.44 -3.32 -4.16
30.30 -16.70 35.99
111.03 -1.65 7.23
89.09 -7.69 3.95
124.53 -86.38 1.50
51.72 -3.07 8.02
156.50 -37.67 0.00
113.05 -1.05 2.14
170.52 -8.28 17.20
144.14 -25.17 -20.32
55.66 -19.28 66.22
193.29 -52.36 66.87
134.66 -4.25 8.54
73.70 -0.45 0.22
190.15 -0.57 2.21
102.17 -2.56 43.45
64.92 -36.97 21.34
177.09 -5.75 1.24
151.33 -4.73 5.93
40.12 38.02 -65.84
143.89 1.51 1.14
184.99 0.00 9.58
89.95 -1.10 7.67
189.89 -53.30 52.26
29.58 -2.67 39.08
19.52 -8.72 2.15
11.38 -0.36 0.00
68.28 -0.42 -0.42
94.30 -0.00 -12.76
168.10 -8.50 3.16
98.45 -0.32 8.93
50.36 30.08 -85.96
107.25 11.04 48.38
116.11 -59.91 0.00
160.40 -4.22 -0.15
189.62 5.90 -5.38
191.30 -2.79 3.89
56.22 -1.02 0.90
21.99 0.60 5.57
0.08 -68.70 26.62
10.64 -0.21 0.39
182.38 -8.51 6.63
143.44 -6.30 0.43
110.08 -5.10 5.94
190.98 -35.94 34.54
32.93 0.73 0.92
126.86 -16.41 0.00
48.51 -0.16 2.35
99.43 3.09 -0.21
35.21 -63.48 3.27
181.43 -4.57 14.38
43.43 -63.48 11.61
180.43 0.62 0.19
3.46 -1.54 0.26
72.88 -65.11 30.33
146.64 4.33 7.74
67.97 -4.12 -2.16
114.62 -38.59 40.90
147.10 -4.71 1.75
103.20 -50.26 -18.29
105.67 -1.76 3.10
25.12 -4.12 7.14
195.89 -5.43 0.00
132.77 -50.38 3.45
37.92 3.84 -0.53
104.02 -2.16 26.06
196.74 -7.17 -5.21
34.06 -51.69 54.79
135.27 -0.20 3.97
117.41 38.38 -63.31
129.54 8.22 -18.00
149.27 -4.70 3.74
105.45 -1.42 0.35
133.71 -6.62 6.11
114.90 -49.19 55.20
3.92 -0.15 0.58
129.64 -6.04 0.41
133.89 -43.97 0.76
107.30 -42.87 -10.70
78.13 -6.00 27.74
100.30 -2.38 21.46
189.29 6.59 -0.00
100.43 -25.12 22.25
170.97 -11.59 16.79
150.93 -2.29 9.30
172.64 6.27 -20.85

36 64.50
100.01 -23.07 3.48
3.41 -1.26 4.54
105.12 -18.66 22.97
128.79 44.05 -0.00
199.43 -2.96 -1.47
134.65 -6.48 -53.37
194.59 -0.20 -0.20
146.72 -42.12 -42.12
169.40 -6.50 26.37
112.77 -31.73 -42.25
140.96 3.67 -1.92
59.00 -10.86 -3.95
75.11 -1.57 4.26
83.81 -0.03 0.71
152.86 -13.55 -10.94
140.00 5.56 -0.00
78.29 0.18 -0.07
124.77 1.25 -13.48
123.49 -3.12 -0.71
45.57 -5.74 0.58
142.23 -0.15 0.82
45.93 22.42 -43.54
139.90 12.85 -22.26
16.33 -0.48 -3.99
107.13 -0.14 2.50
158.08 -51.13 12.60
116.67 9.31 5.98
164.76 -3.54 4.21
155.36 -0.51 1.34
89.79 -0.03 6.00
34.71 -12.48 16.23
141.72 -14.05 30.84
78.43 -55.27 18.82
88.08 -5.56 4.82
28.95 3.93 10.95
68.15 -23.37 0.41

31 51.28
151.81 -3.01 3.01
163.69 -6.34 -0.11
119.06 -3.96 1.54
75.97 -13.75 0.00
158.66 -1.20 3.27
187.49 0.01 -0.04
102.27 -44.26 6.67
58.58 -4.62 0.70
182.53 -42.55 0.74
155.56 -0.52 0.75
165.33 -1.86 2.17
148.86 -0.13 1.53
107.27 -3.98 3.03
22.64 -41.25 -16.04
149.76 -0.08 1.03
46.62 -2.20 -1.98
104.76 2.92 1.88
154.31 2.98 3.73
166.14 -12.03 30.19
106.86 -0.50 -1.10
54.07 -1.49 2.23
29.51 37.50 -0.00
10.25 -0.65 3.91
127.77 -1.96 2.08
76.48 -0.35 39.67
91.35 2.77 -1.78
64.14 -27.75 -4.47
178.36 -41.33 -25.59
163.86 -19.07 -30.79
196.69 -0.06 0.14
165.90 0.23 -1.88

2 3.87
16.74 2.92 -0.00
108.94 -0.00 0.02

13 18.40
28.52 -0.05 0.24
106.33 -1.53 1.89
12.01 -1.16 -0.68
50.47 -4.78 5.26
160.24 2.18 0.64
16.62 9.18 -11.51
81.26 -0.21 0.08
24.60 0.01 0.01
105.83 0.76 0.23
169.56 -9.40 1.11
98.47 -1.25 1.35
69.02 -0.07 0.40
56.00 -0.68 -0.85

39 35.68
63.68 -1.96 1.88
71.60 27.54 -0.00
17.35 0.15 -0.89
138.40 -0.49 1.86
138.99 -1.38 23.35
153.73 -0.33 1.75
133.17 -28.59 13.32
144.23 1.40 -3.06
109.51 -3.20 0.06
85.34 -0.14 -1.64
115.78 -4.35 -12.76
65.42 -1.75 -1.14
118.19 -24.12 -17.52
165.91 -2.63 1.61
174.87 -0.28 0.41
136.61 -2.14 2.23
184.56 -30.62 0.00
142.21 -1.46 29.43
199.60 2.45 -1.78
136.30 0.33 -0.42
111.31 -0.42 0.08
170.04 -0.83 4.30
78.85 0.33 -0.38
36.28 -5.64 5.10
193.12 -0.44 0.96
87.18 -0.29 0.04
101.42 -14.54 5.40
118.92 1.35 -0.71
168.70 -2.39 -2.27
42.00 1.46 0.86
39.45 -4.97 27.31
100.82 2.17 -2.45
31.22 -1.15 1.99
85.74 -6.89 5.13
126.67 -20.94 -15.21
49.78 -22.28 25.47
7.29 0.40 -0.50
29.15 -1.30 0.63
150.68 0.62 -1.08

21 58.45
72.45 -0.08 0.97
125.49 -0.01 3.35
190.27 38.23 -22.64
131.64 -25.25 -11.81
27.48 1.63 0.95
23.92 -0.37 0.09
50.62 -1.54 -0.85
99.34 -48.19 28.60
10.43 1.72 -3.76
10.34 -1.81 -2.41
45.92 -28.60 33.00
125.33 -0.00 -45.42
84.75 30.96 -0.00
46.92 -0.11 3.17
173.07 -34.61 10.71
168.65 -0.36 5.72
61.18 -0.03 0.02
95.08 -0.86 2.55
115.42 -25.94 22.98
179.04 -2.54 3.07
113.04 -0.07 2.57

84 19.77
21.00 -1.34 1.29
82.82 9.81 -16.18
169.28 0.38 0.08
190.62 0.03 -0.01
61.76 -0.32 0.20
130.05 -0.04 0.12
101.50 -0.43 0.52
64.93 3.45 -2.40
47.01 11.89 -6.24
159.55 -10.59 2.27
103.42 -0.49 0.90
130.31 -1.63 1.80
166.81 -0.21 0.00
180.18 -7.92 7.61
196.31 -1.53 -0.56
146.83 -5.10 -8.83
53.84 -1.21 -0.25
111.90 1.01 0.59
7.57 16.58 -0.00
177.37 -12.92 -12.92
116.69 -0.52 1.02
84.15 1.76 0.52
25.75 -0.83 -0.19
126.78 -0.42 -0.06
143.42 -1.43 -12.43
142.15 -0.78 1.67
53.63 0.71 -0.40
135.31 -0.27 1.06
64.38 -0.52 0.55
22.23 -1.99 8.95
114.29 -0.95 9.28
40.53 -0.11 1.58
185.12 0.67 0.26
23.48 9.75 -7.95
15.59 -6.97 -1.59
126.63 -4.74 2.36
80.49 -0.07 1.45
77.81 -0.00 -0.01
47.23 -1.56 -6.81
139.24 -0.15 0.64
178.62 -0.15 0.15
183.04 -0.71 1.05
74.18 -0.23 6.40
142.16 -2.87 3.80
12.26 -2.29 2.52
134.96 -1.34 -0.25
28.32 -0.21 -0.18
78.28 -2.13 2.48
178.30 -18.65 0.00
53.16 13.50 -0.00
124.15 8.24 -6.73
79.40 -8.07 15.58
49.95 0.30 -0.93
161.95 -0.75 -1.06
87.31 2.26 -18.58
104.38 -2.08 -1.86
101.36 0.01 -0.14
91.28 -1.04 0.55
94.46 -0.83 1.13
165.10 -0.89 12.21
20.11 -0.10 0.03
19.21 1.41 -0.00
39.23 14.57 -10.14
15.03 -1.72 3.39
157.08 -1.27 0.13
18.79 -9.65 0.00
70.86 -9.31 -5.17
187.78 -14.70 9.20
107.95 -1.13 -1.01
199.08 -0.09 -0.07
127.55 -7.52 -1.72
17.84 -1.00 -8.63
23.03 -16.22 0.00
27.19 -0.02 0.09
104.16 3.02 -7.28
175.85 -0.49 1.22
90.00 -0.07 -0.02
123.63 3.04 -18.52
94.92 -0.44 0.72
62.04 -11.08 0.94
127.13 -0.31 0.98
33.13 -0.68 1.61
141.64 -3.86 6.69
152.44 -8.18 15.22

90 66.26
58.53 -1.11 -9.15
65.19 -2.87 2.60
99.60 -58.97 0.00
186.85 -0.46 17.32
101.16 -0.29 2.32
103.75 -39.37 11.56
72.32 -24.71 -30.98
6.38 2.74 1.93
20.44 0.66 6.09
55.09 -2.57 1.61
82.91 56.33 -0.00
74.63 5.04 -0.00
168.79 -2.63 5.99
42.05 -19.27 -9.28
141.23 -12.70 26.36
72.54 1.02 -1.02
140.62 -1.09 5.67
189.03 -3.48 2.32
195.53 -14.57 -25.24
2.75 -4.63 0.39
156.97 -1.38 0.00
170.09 -13.13 -4.78
133.26 -4.50 -0.08
100.69 -15.74 -46.15
133.41 0.58 -2.79
35.65 -29.56 57.06
114.82 -1.07 1.79
186.91 55.59 -0.00
103.56 0.89 2.73
17.89 0.31 2.86
65.64 -1.19 2.10
186.94 -3.24 2.87
114.14 -1.29 1.53
176.57 -2.13 2.57
135.39 -0.67 -0.84
47.08 -0.43 5.15
102.87 -1.00 -0.90
136.90 -20.70 55.14
124.73 -0.76 -4.01
65.61 -59.10 -17.35
2.16 1.07 -3.07
183.56 6.15 1.85
137.33 -3.04 2.53
12.28 -0.25 0.18
151.58 24.47 -30.68
76.65 -1.83 4.41
171.75 -4.24 4.76
90.38 -0.51 3.95
127.93 -38.07 24.46
128.72 -2.84 5.49
128.56 -3.18 -41.08
50.70 -5.77 20.74
16.42 -1.14 -0.06
198.29 -0.01 0.01
168.63 -15.12 0.00
24.14 -1.57 -8.24
42.73 -1.26 11.15
18.22 -0.03 0.03
73.77 1.85 -0.00
72.10 -1.71 1.78
143.52 -0.10 -0.13
126.25 1.11 0.24
82.15 -14.23 21.43
124.78 1.07 -2.34
91.71 -2.99 1.44
196.94 -39.04 5.88
99.54 -7.63 7.94
68.91 -42.34 9.10
29.91 0.97 -0.26
116.40 4.24 -2.23
39.32 -0.11 0.71
73.81 -2.20 0.08
139.07 -18.69 38.81
191.59 -1.12 15.32
20.98 2.61 -1.68
14.29 -0.56 5.49
36.25 1.98 -0.68
67.17 -0.02 5.09
19.75 -50.23 5.93
36.70 45.62 -0.00
53.79 -46.60 -2.48
174.72 -11.66 24.65
10.86 -2.77 0.60
30.28 -21.52 26.49
116.03 -55.48 16.29
48.03 -23.70 -5.41
170.93 0.64 0.54
106.99 0.18 -1.44
26.53 -0.95 4.17
31.18 -4.90 -1.78

8 36.58
30.69 -0.74 1.31
146.82 -1.75 6.45
4.75 -0.25 0.01
139.51 -18.98 -1.01
59.45 0.12 1.15
67.00 -9.20 31.61
20.63 1.55 -0.00
28.73 -8.76 0.00

6 50.22
86.45 -8.73 -10.07
76.46 -2.75 37.55
161.47 -0.55 -0.40
76.29 -0.11 -0.99
111.46 -24.63 -34.89
170.57 -0.53 0.94

81 45.94
87.31 -3.75 16.00
48.64 -0.37 10.46
28.98 -0.18 1.08
104.74 -25.00 -9.72
9.65 -23.50 -23.50
41.21 28.53 -26.01
197.50 -10.32 8.40
112.00 13.91 -0.00
27.54 -0.84 -2.78
175.35 3.79 -2.31
32.09 0.60 -0.00
160.04 0.14 -3.49
173.56 -2.79 -1.46
36.80 0.59 2.59
128.32 -3.06 0.11
185.48 -3.83 0.00
129.67 -2.81 1.44
174.62 -29.60 -22.67
77.94 -10.46 17.49
143.59 -28.94 -21.03
27.58 9.50 41.64
91.72 -0.40 1.70
59.80 -0.79 0.76
111.34 0.04 -0.44
170.95 -19.36 36.69
131.87 -1.01 -2.41
142.03 -13.22 11.23
107.62 -10.11 8.22
17.43 -0.33 4.76
192.15 -27.33 -19.86
190.48 -2.94 31.68
161.10 -4.53 -39.25
138.08 -1.58 1.82
142.81 16.32 -0.00
70.23 -0.01 0.01
54.57 -5.35 10.72
179.48 -0.14 0.72
118.93 -14.30 7.34
7.92 -4.15 -0.61
111.41 -6.93 24.93
114.47 -8.47 20.06
153.09 -2.25 -0.42
34.81 -15.49 -25.01
30.33 3.86 -2.48
171.36 -0.44 -0.01
197.39 -6.98 -2.71
33.87 -2.78 3.02
73.05 -7.97 34.93
162.12 0.77 -19.33
57.95 -0.81 1.51
80.52 0.58 0.34
107.85 -1.22 3.21
140.00 -29.70 -1.58
124.59 -1.39 -0.73
88.19 -0.60 -0.35
100.47 -6.11 -3.31
157.23 2.26 -3.92
161.50 -2.15 3.87
182.92 -19.75 -9.51
124.02 -1.27 6.38
29.57 43.33 -12.14
16.73 -0.10 -0.86
5.65 11.80 -0.00
149.92 -1.54 24.17
116.54 -0.81 3.46
116.77 -12.95 26.40
137.82 -2.17 1.18
127.45 -0.40 -3.26
7.96 -1.01 3.71
52.36 -5.41 26.45
38.73 -27.58 -29.14
82.28 -6.45 1.28
60.32 -0.45 1.36
156.46 3.31 -0.00
68.45 -23.30 18.13
99.23 -3.97 1.10
153.76 -14.92 18.03
122.95 -21.12 23.70
1.82 -34.20 -14.17
178.55 -2.13 -0.63
8.80 1.56 0.75

43 46.75
23.03 -2.25 0.98
73.69 32.68 32.68
1.43 0.08 -2.04
165.53 0.42 3.89
119.83 -15.49 34.00
61.74 0.13 0.10
165.75 -4.35 19.06
107.82 0.07 -0.43
26.68 -7.37 6.67
181.20 -6.94 30.42
92.65 -1.36 3.27
47.34 -36.20 4.28
142.34 -16.47 38.27
53.58 -3.19 -27.66
40.68 -25.32 25.32
181.71 -1.64 1.78
197.45 -8.03 12.28
67.15 0.42 -0.03
178.91 -6.13 17.36
132.38 18.98 12.20
86.50 -7.72 15.74
109.89 -1.96 2.25
41.40 -12.54 40.30
88.46 -0.44 0.07
93.41 0.05 0.01
120.51 -1.50 11.72
120.50 -9.35 44.40
115.71 -0.80 0.40
111.96 -0.32 0.49
32.51 -0.48 2.09
133.70 -3.50 -15.35
84.98 0.60 1.08
140.38 0.06 -1.49
142.98 -1.01 -0.04
105.71 -0.66 -0.82
167.23 -0.05 4.05
85.43 -3.47 2.32
175.68 40.52 5.83
89.44 -1.40 0.30
179.53 -1.22 0.81
83.80 -37.42 5.03
95.61 1.38 0.97
189.24 -13.31 -3.91

68 0.40
35.63 -0.09 0.23
52.50 0.00 -0.00
132.42 -0.22 -0.05
18.49 0.09 -0.22
194.78 0.15 -0.00
49.24 0.01 -0.00
68.05 -0.01 -0.02
61.01 -0.01 0.02
110.85 0.00 -0.00
61.57 -0.00 0.03
68.44 -0.00 -0.00
141.40 -0.00 0.02
182.58 0.10 -0.07
132.55 -0.04 -0.00
58.63 -0.05 0.05
128.75 -0.02 0.04
65.63 -0.03 0.02
91.45 -0.16 0.00
21.73 -0.00 0.02
83.82 -0.02 -0.01
115.44 -0.06 0.27
182.68 -0.06 0.32
76.01 -0.00 0.00
94.04 0.01 0.01
171.30 -0.12 0.19
129.52 -0.00 0.00
149.34 -0.01 0.02
9.62 -0.02 -0.02
42.24 -0.02 0.01
138.87 -0.02 -0.01
179.07 -0.03 0.09
185.43 -0.19 0.29
19.39 0.24 -0.00
89.87 0.00 -0.01
110.22 -0.03 0.38
191.62 -0.04 0.36
41.30 -0.01 0.05
57.07 -0.23 0.00
96.73 -0.03 0.01
150.27 -0.02 0.02
150.87 -0.02 0.31
99.12 -0.00 0.00
87.21 -0.05 -0.35
195.85 0.01 -0.02
173.04 -0.01 -0.03
4.53 -0.00 0.00
135.09 -0.22 0.10
79.66 0.07 0.15
42.82 0.01 -0.03
100.35 -0.00 0.01
11.61 -0.01 0.02
72.02 -0.16 0.25
58.60 -0.00 0.01
91.75 -0.00 0.03
188.49 0.01 -0.00
132.26 0.32 -0.18
175.91 -0.01 0.01
102.18 -0.34 0.20
166.23 -0.21 0.33
90.30 0.00 0.00
45.24 -0.02 -0.00
44.43 -0.13 0.33
122.85 -0.00 0.01
78.37 -0.02 0.03
187.19 -0.00 0.00
160.03 -0.16 -0.16
178.56 -0.01 0.00
107.74 -0.30 0.14

94 47.34
16.99 -18.24 0.94
191.69 -1.18 1.84
146.29 -3.32 4.81
134.07 17.99 -0.00
23.04 -5.88 12.21
45.07 -2.27 -3.22
196.86 -0.51 19.02
192.33 -34.41 12.26
184.54 -0.42 1.31
84.95 -2.53 2.24
125.40 -10.64 9.42
112.64 -0.22 1.34
12.33 0.12 -0.00
165.02 -0.15 1.42
59.85 -0.92 1.24
21.68 -0.70 0.45
140.29 -18.11 6.45
114.78 -25.62 -25.62
157.36 -0.86 0.94
65.79 -0.29 1.57
151.23 -0.07 0.89
42.03 -1.40 2.26
15.94 -2.19 -1.43
18.67 -2.72 1.48
138.74 -8.59 1.43
58.70 -3.74 -24.43
176.43 -2.37 0.00
34.55 -37.67 17.55
3.77 -6.47 45.03
129.89 -32.22 17.05
106.35 30.32 -6.23
61.81 -17.85 23.22
125.12 -0.93 2.86
126.35 -0.60 2.22
122.13 21.38 -33.17
158.65 -0.09 2.52
29.24 -0.33 1.11
169.21 -2.51 42.58
165.68 2.06 -3.19
77.81 -28.48 -4.75
97.29 -0.73 27.43
174.42 -15.96 7.68
53.54 -2.58 23.94
8.33 -15.46 29.30
21.23 -0.86 32.41
46.76 -36.43 8.40
188.69 -1.79 4.31
186.26 0.02 0.15
94.62 -32.09 1.65
60.28 21.18 -15.39
176.59 -0.23 0.28
32.04 -0.37 1.70
27.96 -28.73 13.84
28.91 -5.89 11.78
174.91 -10.68 -5.14
66.64 0.53 1.22
63.67 -1.86 27.24
166.51 -1.76 1.16
32.23 -3.63 -3.44
8.92 0.08 -1.98
114.24 -1.78 -1.68
106.04 -0.13 0.36
124.48 -1.05 23.35
15.87 -0.12 0.40
92.70 1.33 -3.21
123.11 -46.88 -5.99
40.13 -0.15 0.43
25.39 -2.73 -1.69
42.92 -0.45 1.04
158.45 -41.07 -13.96
196.42 -27.94 -4.50
176.35 -0.16 2.01
117.14 -10.89 36.59
62.23 -7.80 -10.33
168.98 -0.81 -0.69
169.85 -0.51 1.82
33.49 -2.81 5.05
95.38 -1.14 11.11
8.18 1.36 2.97
83.37 -0.14 0.91
53.37 -3.13 14.87
93.44 0.00 3.77
142.03 -0.09 0.10
151.22 -0.85 3.72
79.10 -0.51 0.15
149.57 -31.29 17.06
144.95 -7.26 23.35
37.86 -3.87 -1.51
195.20 -1.52 12.38
196.41 2.47 3.10
84.57 1.11 -0.00
70.17 -1.98 -0.98
169.39 -3.55 -0.39
29.69 -0.36 3.09

62 9.51
129.98 -0.14 0.02
33.99 0.83 0.63
170.24 0.34 -0.66
17.22 -0.09 0.67
39.91 -0.23 -0.17
56.61 -1.07 1.44
75.37 2.74 -5.32
42.93 -3.23 6.96
126.15 6.67 -0.92
66.08 8.21 -0.00
19.90 -0.21 0.92
161.06 0.00 0.36
29.14 -0.34 -0.04
11.59 -1.05 1.37
131.78 -0.24 1.05
91.40 0.43 -1.42
66.13 -0.22 0.67
37.98 -0.87 8.95
153.08 -3.51 3.79
65.45 -0.08 0.23
108.82 -0.00 0.73
21.03 0.36 -0.25
135.50 -0.02 0.15
18.57 -1.09 0.70
189.56 -7.63 0.65
145.25 0.05 -0.03
56.07 -0.48 5.81
88.12 -7.19 0.00
102.68 -0.76 0.26
187.37 -1.06 6.20
115.64 -6.58 4.12
77.79 -2.94 6.82
197.33 5.53 -2.29
2.24 -0.55 1.74
195.85 -3.49 6.04
16.03 -0.00 0.00
136.88 -0.35 0.54
31.03 -0.11 -0.10
121.59 1.90 -0.79
172.08 -0.03 0.03
116.60 -2.18 4.70
177.05 4.35 -0.00
77.81 0.64 -0.00
187.97 0.32 0.21
7.61 -0.08 0.92
136.04 -0.21 0.45
110.56 -0.36 -0.63
19.94 -1.50 -3.27
193.43 -0.32 0.64
24.95 -4.34 3.23
61.04 -0.72 0.36
46.09 0.03 0.03
62.74 0.05 -0.39
136.63 -0.29 0.57
197.81 -3.53 -6.57
18.18 -0.08 0.70
53.93 -5.65 1.66
23.19 -0.57 4.65
197.30 -0.81 5.41
186.01 -0.21 0.76
111.05 -1.31 1.50
48.10 -0.43 0.29

96 15.21
27.17 -0.20 -0.36
118.71 -11.11 6.96
174.44 -0.08 0.05
152.53 -1.69 7.80
102.04 13.04 5.05
167.70 -12.22 2.43
96.14 0.08 0.01
117.68 7.72 4.52
78.68 -7.60 -0.41
116.36 0.45 -0.98
39.68 -7.75 4.86
18.15 -0.38 -0.57
25.78 -2.10 3.16
154.37 3.57 -5.88
14.72 0.03 -0.34
171.02 -3.59 3.59
149.55 -6.92 -8.19
28.93 -2.18 -0.04
122.28 1.15 0.97
182.01 -4.25 5.14
62.21 -2.15 2.50
67.45 -8.39 11.32
99.95 -0.41 -0.10
127.85 0.91 -0.00
112.84 6.46 1.42
21.04 -0.22 0.47
29.22 -0.69 1.26
81.51 9.12 -0.00
195.86 -1.28 1.52
101.86 -3.27 8.36
7.54 -0.09 0.33
69.37 9.43 -0.65
32.77 -0.54 -0.09
54.69 -0.86 -1.02
77.09 -3.42 2.08
96.82 -1.90 2.19
6.04 -6.67 11.15
161.59 8.48 -5.90
115.50 0.19 0.34
47.49 -0.61 -0.49
144.94 -12.58 -4.89
23.99 -14.02 3.46
47.16 0.14 0.32
127.93 -0.09 0.18
132.68 -0.42 6.08
184.56 -1.19 -0.62
115.05 -0.04 -0.26
139.16 0.07 -0.07
141.64 -3.23 -2.00
179.62 -2.82 5.45
17.51 -2.07 1.00
69.38 -0.22 0.99
126.98 -5.26 -3.43
126.81 -0.76 0.54
18.06 -0.41 0.08
183.59 0.13 1.23
132.09 -0.08 0.52
0.35 -0.67 0.60
64.94 0.25 -0.22
7.11 -5.27 1.63
17.97 -0.65 1.28
136.95 -14.65 -2.36
61.79 -1.11 -0.25
182.75 0.02 -0.00
186.63 -5.96 -9.01
127.07 0.35 -0.87
91.76 -13.80 6.24
28.37 -5.26 9.62
94.02 -0.21 -0.24
7.38 -0.08 1.33
149.82 1.20 -0.50
32.76 -0.55 -0.30
18.19 -0.30 0.58
20.00 -1.19 2.77
196.87 0.26 -1.24
88.42 -0.05 -0.61
84.31 -6.36 -1.59
21.50 9.74 -0.67
188.03 0.72 0.55
195.66 -0.41 0.23
42.76 -1.01 0.10
38.79 -1.95 -12.76
158.57 1.90 -0.00
154.39 -0.99 -0.80
139.74 -3.91 4.15
5.63 -0.92 -0.29
38.22 -0.12 1.19
41.75 -0.28 0.29
45.71 0.56 0.08
138.30 -3.15 3.54
32.59 -0.06 0.49
94.57 -0.15 0.56
179.55 -0.02 1.33
191.83 -4.94 -2.59
18.56 0.01 -0.02
28.93 -0.40 1.29

42 46.13
159.12 0.53 -3.26
188.75 -0.49 1.24
32.06 -0.42 0.77
170.23 7.25 -2.03
161.10 -3.45 41.63
180.21 -1.10 -0.99
26.75 -0.08 0.81
17.81 -5.72 12.55
145.82 28.12 6.19
65.82 -1.87 29.46
196.97 -2.17 2.08
2.98 -0.60 -2.64
27.58 -1.00 6.71
10.79 -0.67 0.57
161.41 -36.23 -15.01
23.77 -2.50 0.42
128.60 0.00 32.28
90.90 -16.85 10.00
179.44 -7.73 31.35
106.37 -2.25 0.52
86.38 -34.66 26.37
122.75 -0.03 -0.05
144.55 2.25 -1.37
69.22 -7.29 9.14
176.36 1.78 4.05
175.54 0.49 -0.49
40.47 -1.07 0.40
69.78 23.51 -29.48
78.91 -0.16 0.00
51.29 0.95 -0.26
166.94 -7.33 17.03
186.18 -0.31 -2.59
69.82 16.67 -4.57
55.27 -5.86 6.45
66.69 -2.67 0.78
166.15 -2.99 27.77
126.94 40.10 -21.05
5.59 -0.35 0.89
99.21 -2.88 1.39
165.97 3.83 -1.87
176.92 -43.20 -8.08
170.71 18.10 39.64

53 24.56
100.90 -0.61 -1.06
138.46 -0.44 -5.27
34.16 -2.96 -1.65
25.68 -1.57 0.13
10.38 -8.40 0.00
19.78 -9.32 3.18
194.20 -1.98 8.43
52.22 -0.85 0.03
93.55 0.31 -0.76
131.59 -0.22 0.58
137.90 0.11 -0.65
94.98 -2.45 -10.73
30.06 -0.37 0.56
181.48 -0.21 -0.93
22.57 -0.08 1.53
41.34 -1.33 6.51
64.71 -0.19 0.15
3.85 -0.80 1.82
62.15 -16.89 0.87
72.57 0.12 -0.09
140.26 0.88 -0.12
178.47 -9.28 -17.31
198.45 18.08 -8.81
74.78 -0.06 0.21
40.38 0.21 -0.06
87.76 -1.36 16.37
14.87 -17.64 0.61
66.12 2.26 -13.77
194.29 -11.42 13.18
190.29 0.00 24.36
1.76 -0.11 -0.91
188.44 -1.88 0.37
16.33 0.03 -0.73
103.64 -3.35 1.56
21.92 3.47 -0.00
129.19 -12.18 -0.43
119.56 -2.41 -2.78
29.09 0.25 0.78
118.27 -1.28 1.89
38.36 -1.26 -0.20
56.25 -0.39 0.56
139.19 -2.64 0.05
172.44 -0.14 -0.98
24.89 0.39 -1.89
147.12 -0.09 0.88
153.52 -0.30 0.74
115.09 -23.33 -2.10
182.39 -1.00 0.05
157.70 -0.00 -12.28
14.77 0.63 -1.56
69.34 -2.62 20.44
31.73 -1.89 -0.91
197.43 -1.69 0.68

18 52.62
113.27 -12.76 35.91
3.53 -2.13 0.52
42.10 -14.91 -4.72
95.49 -4.26 1.98
88.60 -38.43 -20.17
152.72 -18.41 3.66
179.28 -21.55 -2.75
38.37 -0.24 0.51
14.03 0.04 -0.16
138.49 33.38 2.36
9.91 -19.51 23.58
144.24 3.91 -0.00
32.36 1.54 -0.99
191.51 -31.16 24.80
187.67 -4.62 8.60
40.95 -9.27 -0.66
171.64 -4.11 -35.57
176.96 -0.47 0.45

5 56.50
182.81 -5.66 42.47
102.71 -31.96 -40.08
101.86 1.76 4.01
103.16 0.91 -2.00
135.02 -1.04 2.25

94 70.56
5.36 -5.66 68.29
60.61 -1.78 5.96
145.46 -2.25 0.00
138.26 0.68 0.05
89.35 4.02 -15.86
53.85 13.99 -0.97
86.42 1.62 -0.85
94.37 5.32 3.52
196.67 -5.61 11.23
16.08 -62.75 12.48
74.84 -0.62 -0.50
149.02 -49.51 37.68
41.95 1.09 -0.70
110.24 -0.70 -0.56
59.82 -4.49 6.16
164.40 -0.04 0.15
55.54 -0.00 -0.77
22.28 -2.76 -3.08
106.11 5.08 -5.16
181.47 5.06 -1.04
15.58 -3.13 4.54
1.72 0.21 -0.52
114.33 -1.60 20.51
123.39 -1.63 8.94
150.12 -53.25 43.32
191.61 -4.46 5.39
108.16 -17.15 3.96
163.21 -5.71 2.58
96.93 -0.89 11.40
55.10 -1.83 5.76
112.55 0.66 -0.83
63.04 -3.54 4.09
17.67 -3.82 4.15
130.12 -1.92 1.20
69.90 -41.44 6.91
177.74 -3.25 47.53
108.36 -5.48 3.66
197.55 -33.70 -13.10
126.91 -2.25 3.56
177.04 -33.17 48.92
24.95 -2.82 -4.00
42.34 -28.43 8.92
78.87 1.45 -0.10
124.39 -4.89 0.42
164.22 -47.54 -11.86
19.10 -0.22 5.39
54.64 -4.28 1.26
68.02 -1.95 -3.38
162.79 -4.02 36.18
12.93 3.96 -0.00
197.77 -6.30 -0.69
73.95 -11.04 -41.53
128.79 -15.17 54.57
24.71 -1.03 -4.50
178.91 -1.31 1.62
40.46 5.88 3.89
39.37 -0.69 13.94
173.87 -0.48 21.52
42.44 -1.11 24.75
80.23 -35.00 22.50
107.86 -20.13 27.15
188.45 -1.88 2.45
25.16 23.43 23.43
131.96 5.15 -0.00
196.08 -2.41 4.49
56.97 56.40 -36.24
4.78 -39.99 25.04
192.16 5.91 -0.00
196.44 -14.58 38.44
82.74 -35.93 23.09
75.54 -32.46 -40.70
11.15 -1.45 6.04
137.13 -6.13 -20.21
41.77 28.32 -0.00
62.24 -56.64 -26.49
187.73 -20.49 23.43
57.53 -2.21 3.04
12.56 1.53 4.27
68.84 -6.58 11.20
8.61 -0.59 -3.84
75.51 -0.07 0.16
91.23 -2.19 3.48
87.17 0.00 6.89
65.51 -0.16 0.20
166.81 -1.93 -2.23
57.48 -0.11 2.37
4.74 6.70 -0.00
36.12 -7.92 14.48
65.97 -1.24 -0.58
40.29 -3.28 -1.78
196.18 -55.87 17.28
98.32 -1.46 13.13
197.61 -63.81 0.00
194.60 -4.60 1.78

99 41.75
139.70 -3.81 -1.28
57.87 -35.13 -6.57
175.95 -0.41 2.87
73.50 3.18 -0.89
8.95 -3.35 0.00
22.58 40.52 5.83
61.57 -0.16 0.43
70.74 38.67 -0.00
125.91 -0.52 3.47
19.78 -11.90 26.12
160.98 -0.03 3.57
95.94 0.00 2.62
152.99 -1.01 3.73
162.14 -1.14 2.82
173.79 -0.90 -0.29
72.91 7.24 -20.70
133.47 -1.52 8.35
123.70 -21.72 -0.77
109.92 -0.54 -0.54
80.86 -0.04 0.12
93.22 -2.25 2.92
92.75 -0.24 0.26
162.86 2.37 -2.97
132.23 0.00 12.61
92.37 -0.59 0.27
195.99 1.31 -1.07
143.77 -8.60 22.90
11.50 -7.60 30.09
66.91 -24.20 22.34
191.55 30.29 -21.08
92.95 -0.39 0.10
28.98 1.62 -0.85
40.55 -1.93 0.00
95.24 -20.72 12.98
20.20 -8.79 10.24
148.30 -15.23 -6.71
98.09 -0.86 1.61
80.19 14.20 -34.29
136.95 0.64 -0.39
94.05 -1.96 1.23
89.46 3.99 -7.74
134.42 -1.38 0.88
39.37 -13.10 29.85
117.53 0.10 -0.28
0.26 -1.40 0.54
86.86 -1.22 -0.18
18.59 -7.02 22.55
31.55 -13.90 17.11
9.76 0.00 3.09
112.99 -13.93 22.46
161.31 22.53 28.26
152.39 -2.42 -1.93
65.17 0.80 -2.65
20.56 -7.40 0.63
192.58 1.42 3.10
77.70 -10.28 -16.60
198.43 -1.23 0.00
124.81 -1.91 2.35
87.12 -4.56 0.16
54.74 -0.10 2.04
3.65 -3.70 0.00
92.99 3.15 -5.46
48.46 28.62 -7.84
158.72 -0.81 -0.76
50.23 -0.32 3.91
10.77 -21.86 -0.38
7.71 -27.78 -9.44
139.52 -0.01 0.21
62.90 -17.15 -21.51
46.59 2.29 -1.39
117.47 30.69 -0.00
150.55 -3.31 0.00
188.11 2.29 0.69
105.82 -6.03 2.90
153.56 -0.04 0.06
198.83 -16.34 17.65
30.10 -0.49 -0.41
105.95 25.40 -18.45
45.36 -1.99 2.93
81.73 16.24 -14.80
106.43 1.49 -0.51
63.45 -7.41 4.64
71.21 5.34 16.42
4.61 -17.14 29.16
58.00 -0.90 3.74
170.64 -0.00 0.11
166.53 -0.00 -0.72
127.98 -2.90 2.84
162.10 -0.08 0.01
96.80 -0.88 3.56
145.76 -25.47 -14.14
43.49 -0.01 0.01
81.38 -12.87 26.73
70.05 1.48 -0.61
120.80 -2.75 0.72
69.53 -0.15 4.90
170.73 0.28 -0.17
10.32 -5.31 -1.44
160.42 -6.08 -4.66

34 54.98
68.89 -8.91 13.14
29.50 -0.81 0.00
185.02 -3.84 -0.49
137.72 -10.84 41.88
96.09 -0.12 -1.47
92.04 -1.23 -0.45
61.66 -4.16 4.00
125.37 -15.97 14.14
182.88 -1.88 1.73
140.47 -0.51 -0.68
149.19 7.20 -22.17
132.78 -5.29 1.47
37.13 0.92 -1.42
72.16 -9.37 13.57
118.71 3.33 0.73
6.53 2.07 -1.33
7.47 -2.99 2.54
81.18 -0.23 13.18
197.52 -0.63 1.05
98.90 1.68 1.41
45.68 -0.41 4.93
119.58 -4.96 53.48
140.61 -31.77 -20.76
96.00 -16.98 -9.19
32.18 -13.82 -23.94
158.03 -18.49 16.04
138.10 -1.58 4.66
140.08 -1.02 6.18
94.35 -7.38 5.24
195.21 -3.14 -0.46
126.30 -4.23 3.29
163.39 -19.24 -9.26
65.87 -0.78 0.61
83.00 -1.89 3.16

44 65.25
21.59 -3.59 1.22
57.01 4.83 4.06
72.55 -0.28 -0.74
71.90 -24.32 -13.16
81.96 -39.34 34.13
89.92 5.05 46.73
8.64 -7.34 -38.46
69.99 -10.58 38.97
53.88 23.74 -23.74
112.69 19.28 -0.00
163.11 -3.07 31.47
191.55 -0.64 1.79
62.35 -3.12 -0.17
111.05 1.21 1.21
186.57 -4.00 25.04
93.28 7.08 -27.96
69.17 -0.00 -4.89
5.91 -7.77 58.27
115.44 -2.64 -0.14
26.15 -0.69 4.49
137.70 10.48 48.61
53.40 -0.07 0.12
193.02 -5.19 3.34
181.83 -16.03 -21.35
77.60 -0.51 1.42
165.58 0.83 -0.60
185.11 -4.13 -21.66
121.98 -55.70 24.19
174.74 -29.53 0.00
40.44 -40.04 -40.04
134.11 6.81 -22.66
117.37 -1.69 -2.92
152.78 -0.17 2.95
180.79 -33.04 -41.44
132.09 -20.70 40.68
173.38 2.67 -0.00
161.99 0.15 0.12
80.09 -0.21 -2.59
153.52 -5.70 1.76
180.43 -3.88 3.29
77.92 18.29 -14.92
183.38 -0.05 0.45
146.40 -24.50 -1.75
150.27 -4.47 0.31

23 34.65
114.66 -0.85 0.77
107.81 -7.57 -12.23
184.46 0.31 -3.39
91.41 -0.79 3.13
16.22 -17.12 22.67
165.06 -10.45 3.40
168.18 -0.09 1.59
176.71 -2.16 0.94
69.59 -0.54 0.67
44.33 -10.64 4.81
141.37 0.45 -2.74
52.45 -8.13 4.83
194.88 -0.70 2.84
16.70 11.57 13.85
105.70 -6.66 32.52
86.99 -4.75 2.74
30.51 -17.04 -22.57
143.42 -8.13 -4.03
188.84 0.02 -0.38
72.55 -0.76 -2.25
79.14 -1.90 2.47
168.78 -6.75 33.00
50.45 -2.51 1.69

11 84.70
57.51 -6.18 15.51
14.85 0.18 -0.29
173.15 -2.88 4.10
6.04 0.08 -0.91
112.71 -67.88 43.62
67.04 -2.38 27.14
104.34 -61.35 41.00
84.94 -28.84 -9.13
134.08 -0.71 3.89
42.74 -0.32 -3.86
111.08 -3.15 0.53

55 98.63
123.62 -0.53 60.44
119.26 58.89 58.89
2.21 -3.29 -2.39
143.63 -14.65 35.36
191.22 -4.88 -5.63
54.35 -2.26 -2.26
183.61 45.32 54.25
153.68 -0.01 -0.29
134.53 76.86 -0.00
149.57 -73.43 -5.25
68.44 -8.94 3.60
82.72 -22.39 -14.63
78.80 -0.48 2.00
21.36 -25.62 61.86
15.21 -11.03 3.41
24.71 -0.56 -0.33
41.22 25.34 -49.20
75.29 -14.44 -2.41
7.59 -7.81 5.15
172.00 -5.96 5.73
192.09 -9.64 -15.58
195.97 -2.79 5.60
125.73 -5.96 -3.50
186.68 27.44 -22.38
6.05 -0.83 -2.47
150.38 -3.93 6.57
13.92 -5.42 65.43
46.33 -0.00 -50.28
47.42 -6.13 3.74
58.06 -2.55 1.51
182.48 -4.56 -3.89
132.48 -0.31 1.69
74.66 -4.05 -4.67
48.59 -10.14 52.50
79.79 -1.77 0.85
115.41 -8.51 44.03
177.38 28.37 -28.81
194.77 -4.38 8.30
3.49 -7.74 0.91
141.90 -26.61 14.94
30.82 -0.99 -2.38
156.81 -5.11 -61.69
127.50 36.79 -60.68
110.59 14.42 -69.41
161.17 -2.02 0.14
53.77 -66.81 -19.62
77.12 -0.30 -0.36
58.17 3.85 -0.00
143.12 -19.99 16.62
46.36 -5.33 -4.25
99.28 -6.81 6.03
116.97 0.55 0.26
51.96 -6.90 -1.02
144.91 10.86 30.25
45.47 -0.88 0.78

50 3.63
83.17 -0.11 -0.33
48.00 -0.96 -0.35
118.57 -0.01 0.05
106.12 -2.06 1.16
96.40 -0.13 -0.02
60.07 2.88 -0.99
173.15 0.00 2.28
8.97 -1.23 2.75
22.83 3.06 -0.00
24.40 -0.50 3.14
54.51 -0.33 0.88
174.89 -0.15 0.31
62.03 -0.29 -0.11
12.44 0.04 -0.29
93.96 -0.00 -0.04
143.72 -0.32 -0.94
114.81 -0.05 1.35
5.09 -0.24 0.23
103.37 -1.73 2.34
12.72 -1.66 1.24
63.64 -2.16 2.43
11.52 0.03 -0.04
155.58 -0.09 0.21
187.08 -0.13 0.21
104.35 1.75 -1.77
13.44 -1.03 0.86
82.34 -1.15 1.55
118.58 -0.08 0.25
58.01 -0.01 0.18
197.86 -0.15 0.10
35.37 0.11 0.33
167.92 -0.12 1.69
75.78 -0.01 0.25
160.28 -0.36 0.00
194.00 -0.33 0.79
180.79 0.15 -0.32
199.82 -0.04 -0.01
127.02 0.06 0.04
84.26 -1.29 -2.08
12.88 -0.02 0.06
182.67 -0.38 0.48
147.37 0.12 -0.04
20.11 -0.66 -0.15
65.83 -0.03 0.15
82.83 -2.32 -2.45
12.38 -0.01 0.12
108.73 1.20 -3.00
174.30 -0.52 1.23
106.37 0.92 -0.13
80.12 -0.15 0.22

69 76.04
64.62 -41.59 26.73
175.29 -22.93 -67.21
34.97 -9.63 0.00
178.87 -2.84 6.46
64.39 -10.75 -56.37
167.12 -2.87 5.54
88.00 -25.41 -60.84
187.67 -3.12 6.28
123.50 -5.52 -2.74
190.08 -65.89 3.40
35.70 -20.11 -34.83
150.70 -1.47 0.92
151.18 -2.84 0.00
67.91 5.74 3.69
75.05 -7.96 71.71
77.33 -10.77 22.78
7.67 -21.70 11.48
115.58 -1.13 2.64
62.45 -17.93 15.89
50.06 -0.94 1.75
68.70 -2.69 0.00
50.12 -1.26 0.00
149.38 -50.45 -38.64
28.29 -2.01 75.47
28.50 0.02 -0.59
145.17 -12.56 -8.20
1.97 -47.43 -27.82
23.26 -0.11 0.20
129.06 0.75 -6.16
39.78 -52.60 47.57
197.17 0.04 -0.02
85.63 -0.63 1.39
24.54 -0.50 3.38
42.08 -38.29 9.44
32.28 -30.57 54.88
118.64 -3.93 4.66
157.26 -2.06 0.99
151.14 -34.26 22.58
113.96 -65.17 -32.31
99.46 0.94 1.12
74.83 -0.20 -5.26
70.04 17.41 11.19
50.13 0.83 -5.04
5.01 -11.09 38.97
98.90 -0.62 -0.21
28.59 -0.96 -2.84
92.12 0.13 0.10
115.35 -0.68 4.43
172.30 -0.07 0.94
61.35 -2.55 3.83
123.70 -12.07 46.62
79.42 -38.94 31.68
157.60 -13.59 39.26
103.86 -0.52 1.05
106.89 17.77 11.42
107.71 -4.07 4.07
184.03 -1.82 2.45
22.64 -12.64 43.43
4.60 -16.46 -6.82
187.83 52.64 -42.95
160.87 -3.00 2.08
98.43 43.72 -0.00
112.21 3.02 -2.11
113.55 -17.62 29.44
31.04 24.56 -30.80
197.35 0.80 -1.11
190.92 -0.41 1.42
22.14 4.62 10.12
56.51 -3.03 6.77

16 25.99
87.28 -8.20 6.82
192.78 -0.57 0.00
93.47 -0.08 0.26
20.54 -8.01 15.74
58.85 -0.35 0.61
86.93 -0.03 0.07
8.86 -0.30 -0.13
49.12 13.06 18.92
81.46 -9.07 6.13
60.79 -7.49 -7.49
117.39 -9.88 0.51
83.38 1.61 -1.47
179.62 17.80 6.90
151.54 -1.31 1.42
91.85 -0.86 2.39
51.72 4.00 -24.42

85 19.07
170.91 1.63 -0.00
114.59 -0.19 1.74
151.92 2.34 1.37
43.97 -3.88 -1.51
167.42 -0.07 0.11
92.60 -0.05 -1.26
15.50 -6.15 -3.61
154.14 13.06 -7.94
150.04 -5.29 16.62
22.53 0.07 0.22
73.52 -6.24 9.40
155.51 -0.07 0.49
15.28 -1.38 -16.71
32.74 -0.88 0.49
175.77 -0.38 7.64
95.95 -0.09 1.83
79.07 -0.31 0.25
143.64 -4.51 8.39
79.67 -0.58 1.13
152.04 -4.10 -10.82
31.82 -5.67 7.51
188.96 0.07 -0.05
16.44 -0.28 0.31
178.47 5.92 -6.68
84.91 -1.67 -0.21
184.55 1.24 -0.90
121.69 -0.64 1.64
53.93 -2.63 1.10
182.17 -11.91 2.37
7.50 -12.81 2.55
25.07 -0.16 -0.16
70.54 -0.18 0.60
108.25 5.31 7.69
53.99 -11.58 12.99
100.52 -2.24 4.25
94.92 3.71 16.25
151.22 0.48 -0.00
161.70 -0.05 2.78
32.08 -0.39 1.20
31.20 -0.14 0.21
33.72 1.80 0.13
89.27 -17.63 -0.94
63.17 -0.50 -1.66
20.72 -0.02 -0.01
83.01 -2.73 2.22
48.52 1.01 -0.65
122.76 -14.62 1.73
108.28 -0.24 1.19
137.33 -0.14 -0.05
95.94 12.83 -0.00
59.85 0.90 -1.13
89.59 -1.68 0.81
53.31 -0.17 1.32
150.46 -0.06 1.58
15.14 -1.72 0.00
60.92 -2.43 -2.43
117.83 -0.33 -0.33
5.73 -0.74 -0.39
182.87 -0.91 -0.48
96.47 -0.59 1.43
162.84 -3.96 9.55
55.70 0.97 1.22
144.23 -3.59 12.34
169.39 -0.19 0.39
172.31 -0.40 0.87
141.07 -2.35 1.57
17.95 -0.33 0.60
132.96 -0.08 0.80
11.86 -0.41 0.62
21.41 2.65 -10.46
117.35 -8.70 6.17
173.36 13.73 5.32
37.54 1.04 -0.67
129.85 0.32 -0.98
138.11 3.48 -4.36
48.42 -3.19 -0.06
113.78 -0.74 0.11
152.56 6.76 -0.00
143.45 0.88 1.06
80.89 -0.01 -0.09
77.14 -1.60 0.95
134.52 -9.72 14.34
43.03 -0.94 -1.08
51.47 -0.80 1.52
140.47 -3.02 0.10

31 18.81
126.45 5.23 3.68
168.20 -0.07 0.46
34.29 -1.33 0.27
5.89 -9.29 -2.32
5.02 -0.13 1.38
173.42 -1.31 8.23
138.92 -0.49 0.97
146.74 3.68 -7.15
108.65 -1.45 0.36
99.57 -0.05 0.40
131.02 17.52 -0.00
128.31 -0.15 0.85
186.07 -0.33 0.50
120.47 0.93 -0.00
12.48 0.11 -0.31
35.75 1.00 -0.00
12.21 -1.06 -0.84
65.37 -0.14 0.67
69.23 -0.45 -0.45
159.47 -10.66 2.12
158.70 3.79 11.67
152.70 -9.88 7.69
22.17 0.43 -0.00
46.88 12.52 -8.04
107.62 -13.97 8.29
150.91 1.30 0.51
198.86 -8.75 6.06
41.55 -2.07 0.11
160.04 -6.54 11.75
106.57 -12.55 10.66
163.33 0.30 -0.04

6 79.48
196.32 4.67 -0.32
38.32 32.63 58.33
18.66 -13.55 66.19
48.93 -6.93 -0.12
169.64 -5.19 2.50
19.80 0.00 1.01

22 25.40
46.02 -0.12 0.89
46.98 2.02 -1.47
129.86 -7.79 3.50
2.42 -2.06 4.79
12.33 -1.13 0.60
42.50 13.93 3.07
89.22 -0.04 1.42
99.46 -0.22 0.34
122.07 -0.44 0.68
32.27 0.20 0.43
31.50 -13.57 11.04
161.45 -0.49 1.18
22.39 0.08 -2.10
163.43 23.24 -7.98
99.52 -1.75 0.82
117.15 0.13 1.24
18.29 -0.30 2.42
108.65 -10.70 13.67
27.99 -1.02 -1.76
176.26 -0.86 -0.08
46.62 -0.36 16.48
6.19 -4.22 1.97

40 11.32
31.71 0.30 0.44
181.69 -0.22 0.53
96.12 0.89 3.91
199.99 -1.85 2.14
176.18 -7.37 1.47
16.99 0.26 -0.87
86.20 -2.00 6.44
26.41 0.24 0.30
60.45 4.74 1.39
23.59 -10.11 -2.10
135.87 -0.30 1.05
68.15 -5.08 3.61
88.91 -0.68 0.54
142.63 0.16 -0.65
73.00 -0.39 -0.92
68.67 -0.74 8.95
124.05 -0.01 0.06
12.41 -0.03 0.53
192.84 -0.00 0.02
183.95 -0.78 -0.25
41.58 -5.82 -7.30
149.43 -0.76 0.77
42.87 -0.01 0.35
117.86 -9.95 1.50
69.77 -0.07 -0.12
13.87 -0.23 1.02
97.28 -0.71 0.15
16.70 -0.20 0.61
97.17 5.19 -0.00
79.04 -0.86 0.68
117.88 -0.44 -0.97
178.27 0.06 -0.28
67.04 0.90 -1.49
105.12 -1.16 10.48
56.30 0.19 -0.57
145.86 -1.22 -2.45
115.11 -0.32 0.87
173.86 9.52 -0.00
57.57 -1.80 -0.16
114.07 -0.06 -0.08

87 68.14
25.51 -3.64 0.13
51.41 -21.11 9.54
175.64 -16.40 56.33
74.85 3.29 -2.39
153.60 -1.53 -0.89
17.89 -0.47 35.77
88.13 -26.91 -2.93
131.83 -3.22 18.25
106.85 -1.73 5.00
116.17 -2.30 -5.04
115.28 -7.92 43.56
151.16 -3.56 4.11
167.70 -0.85 -0.65
128.62 -18.48 1.57
125.29 -11.32 19.61
101.40 5.58 -0.00
77.55 -6.19 -2.10
149.42 -7.52 15.09
196.09 -0.11 4.80
197.43 -1.50 -0.98
66.81 29.72 -15.60
182.01 44.31 -44.31
15.73 -0.66 5.92
46.02 8.11 35.53
171.82 3.70 4.64
113.83 -0.06 0.04
12.75 -1.51 4.28
194.70 -2.10 0.04
134.16 -6.12 3.44
115.75 -43.84 5.18
32.17 -4.17 5.04
147.74 -0.69 1.03
137.46 39.93 -23.65
157.00 29.95 -6.16
84.99 10.27 2.26
199.09 -7.83 43.03
135.25 -4.45 2.71
138.83 50.71 -0.00
78.23 -3.26 5.65
149.62 -0.36 5.65
5.12 -4.52 24.08
157.61 52.04 -0.00
62.45 -49.60 9.87
84.52 -8.23 -0.74
169.67 -5.17 2.33
134.55 10.97 48.07
28.88 6.70 0.96
14.75 -26.52 -40.06
42.19 -1.13 -1.61
84.52 -0.86 -0.08
133.69 -1.78 -2.36
9.17 -0.37 2.01
101.46 1.69 -42.77
143.00 -0.09 0.06
3.59 -2.56 3.98
143.39 -8.53 2.37
0.91 -50.39 33.22
169.14 -0.74 0.64
9.95 -5.45 65.71
171.13 -37.36 -7.75
12.28 -1.40 -0.65
33.16 -1.52 6.34
189.45 -3.69 -31.98
38.01 0.90 -2.78
148.57 -21.06 -8.18
185.56 -37.41 55.17
124.57 -2.81 5.84
8.64 -14.29 -34.21
78.91 -0.13 14.28
15.27 -2.00 49.52
125.42 2.08 -1.70
168.77 -1.36 3.54
50.26 -2.41 -4.85
10.36 -0.94 0.48
105.22 -2.49 -2.49
130.13 -9.01 -16.80
20.33 -1.55 5.98
122.40 -25.05 31.41
145.42 -1.47 5.17
87.86 34.21 -2.37
194.26 -6.01 -0.88
66.69 -0.72 2.26
86.34 -0.36 0.34
77.16 16.07 -24.94
3.11 -28.58 -33.80
178.69 0.51 -0.85
168.79 -0.20 0.31

79 80.45
24.19 0.00 2.27
62.09 42.22 -0.00
103.58 -1.44 -0.05
140.83 -0.10 7.49
90.21 72.17 -0.00
26.89 -0.71 0.50
163.68 -2.19 1.98
169.24 25.63 -20.91
196.45 -43.20 -13.67
178.22 -36.32 -12.24
129.08 -3.36 -2.57
46.96 -1.49 1.13
142.77 -0.13 0.28
8.73 -11.34 45.99
155.07 1.68 -3.26
26.01 -5.84 2.64
181.33 -23.51 2.00
91.50 3.05 -5.03
8.44 1.74 -5.34
113.85 -0.56 6.38
57.43 22.92 -0.00
30.48 -3.79 6.93
157.46 0.36 -0.00
117.90 22.18 -0.00
166.00 -3.04 32.79
18.46 -8.97 58.04
168.49 -2.37 66.41
120.70 28.21 -0.00
130.86 -0.45 -0.99
177.42 25.78 -32.33
168.59 39.35 -49.34
65.32 -5.21 36.25
46.33 33.06 47.90
89.16 -1.79 -0.99
43.53 -0.17 -0.19
120.43 -0.00 -16.50
61.69 -0.37 7.48
104.61 -2.49 0.42
197.26 -0.32 2.99
161.18 -17.20 25.83
97.96 0.77 -1.68
130.64 -1.56 4.33
82.53 -16.19 -70.94
8.22 4.74 -3.87
175.47 -3.71 22.46
134.46 52.31 -0.00
119.90 -35.29 56.91
129.95 -0.43 -0.33
124.90 -42.24 -27.59
105.92 -5.95 1.47
189.05 -16.46 78.21
102.85 -52.48 43.63
184.12 -20.96 -20.96
130.79 -5.61 -4.77
96.22 -8.92 55.77
186.78 -1.02 6.17
162.27 37.62 -0.00
146.36 4.96 -0.68
91.97 -0.07 2.24
128.79 -0.98 0.45
174.69 -30.99 35.76
51.29 -59.51 1.03
143.86 -60.98 29.37
162.25 56.22 -3.89
77.86 -0.54 -4.42
96.92 -0.93 2.45
168.96 -0.25 1.99
90.81 0.38 1.67
159.99 -0.59 1.18
104.91 16.02 -27.75
105.50 -2.68 7.28
68.27 -5.59 12.27
48.76 -0.33 37.69
142.39 -3.40 -6.85
57.39 -0.63 0.30
173.76 2.31 0.89
42.88 7.54 -23.20
165.76 1.87 0.72
71.36 -1.29 41.43

24 58.29
12.77 -2.59 -22.46
27.23 18.75 -53.57
151.02 -4.45 -2.90
153.77 3.27 -4.10
59.15 -18.39 2.77
115.07 -1.10 3.10
6.65 -0.16 0.71
154.05 0.00 3.44
19.49 -8.74 13.13
67.93 -2.45 1.03
30.70 -0.76 4.44
139.63 -0.67 0.52
197.75 -2.17 -1.42
183.96 1.06 -0.68
50.98 -0.68 0.45
139.14 -13.02 8.58
22.46 -3.70 -1.73
127.92 -2.64 3.83
172.63 -3.47 2.46
63.45 -2.23 4.54
197.59 -1.26 -8.77
95.09 1.94 0.75
53.70 -2.17 2.26
66.08 3.21 1.24

3 47.32
142.44 -0.75 18.73
2.77 -20.75 -35.95
54.12 0.65 -0.22

37 55.96
150.71 -0.25 2.48
180.49 -0.22 2.04
45.00 -43.33 -0.76
119.87 -2.39 -0.81
79.84 -6.94 5.40
138.43 -3.93 40.30
28.84 -0.07 1.89
100.74 -22.57 15.63
53.34 4.15 -3.38
153.77 -1.65 2.76
86.05 -5.61 0.94
54.54 -0.04 2.18
123.15 -0.09 5.31
41.76 -27.88 -4.65
182.98 -10.17 10.57
16.57 -1.11 1.89
99.18 1.57 0.47
139.03 -5.25 0.53
84.27 -6.73 32.89
69.69 -32.26 -11.74
122.28 -3.44 -1.66
194.51 -1.65 -0.27
120.89 -0.05 0.49
165.04 -1.07 3.29
136.84 -2.69 -4.06
63.86 -3.93 -0.66
165.58 -0.78 -4.07
22.47 -45.02 4.58
107.21 -33.61 -12.23
166.19 14.99 -23.26
171.01 -0.28 1.23
171.87 -25.64 38.50
87.56 -27.08 -32.03
194.39 -0.05 2.95
125.53 38.04 -26.48
0.57 -16.63 -48.73
123.35 -1.38 -0.85

89 6.26
140.13 0.56 0.08
14.17 0.37 -0.23
198.85 -5.26 0.00
143.64 -3.22 -0.06
194.29 -0.02 0.00
177.60 -0.05 0.35
82.57 -0.03 0.00
43.27 -0.03 0.21
38.21 -0.40 0.37
43.20 1.84 -0.00
171.95 -4.25 1.18
141.02 -0.79 4.07
122.64 -0.54 0.26
144.23 -0.24 0.49
35.95 -0.00 -0.02
55.24 0.32 -0.19
141.84 -1.06 2.89
7.93 -2.55 -0.41
136.84 -0.01 0.13
90.17 -0.08 0.22
168.26 -5.71 -1.42
37.74 -0.09 0.54
196.32 -1.12 4.77
137.43 -5.55 -2.75
134.22 -1.49 3.39
120.91 0.29 -0.08
142.55 -0.02 0.44
106.83 -0.64 -0.54
158.33 -3.54 3.89
77.26 -0.32 0.30
129.54 -0.03 0.08
19.17 1.37 -0.00
51.40 0.17 0.13
173.50 -4.18 -1.42
33.69 6.06 -0.00
131.95 -0.39 -0.35
170.33 2.37 4.23
147.55 -1.19 -0.19
159.75 -0.24 0.08
170.39 0.72 -1.19
172.41 -1.37 3.85
44.01 -2.21 4.59
43.81 2.91 0.88
58.98 0.08 0.22
18.03 -2.86 -1.50
52.99 3.99 -4.51
25.37 -0.09 0.56
148.58 0.14 -0.00
150.40 -0.18 0.03
180.34 -0.09 0.21
193.55 0.07 0.16
32.21 -0.04 0.06
126.37 0.04 -0.01
64.85 -1.33 1.93
153.23 -0.20 0.10
106.32 -0.05 0.15
150.26 -0.04 0.29
199.55 -5.76 0.00
48.66 -2.25 2.48
55.71 -0.70 -2.63
194.24 -0.22 0.17
186.39 -2.30 -0.95
8.88 0.27 0.33
10.37 -3.83 -4.28
61.96 -3.14 -3.51
17.86 -0.26 0.56
72.24 -1.31 -0.77
135.75 -4.08 -3.13
42.88 -2.72 1.10
169.57 0.07 0.03
81.71 0.21 -0.12
19.07 -0.68 0.33
69.65 0.43 -0.35
134.49 -0.04 0.00
132.49 -2.31 3.47
160.91 -0.12 -0.36
97.22 -2.48 -1.80
33.74 -0.00 -0.29
29.76 0.64 5.94
58.46 0.53 -0.87
21.71 -5.49 2.64
68.19 -3.12 2.32
179.11 -2.80 2.38
86.86 -0.02 0.02
126.03 3.62 -4.54
159.83 -1.56 0.70
16.05 -0.21 0.22
124.03 -1.99 -4.35
39.30 -0.21 -0.29

30 18.89
71.67 -5.76 5.65
178.57 1.65 -0.00
32.00 -9.30 13.48
38.06 -1.27 -0.97
156.71 -1.61 -10.51
104.66 -1.27 0.99
10.35 -1.56 -0.32
145.28 -3.49 3.84
77.51 -0.02 1.81
76.61 -0.10 -0.81
78.63 -1.02 1.48
43.41 5.51 6.90
162.76 -14.75 7.57
162.19 -0.67 1.52
158.54 -0.06 0.64
137.74 0.36 0.83
52.76 0.04 -0.05
23.20 -8.04 -8.98
34.15 -0.05 0.08
33.69 -0.02 -0.21
90.64 -0.29 1.23
138.23 -0.13 5.71
191.36 -0.03 0.03
151.81 -0.98 -1.13
34.75 -0.02 0.04
64.07 1.59 -0.22
163.51 -2.99 14.19
98.37 -7.57 9.49
161.46 1.12 1.34
4.11 -1.21 1.67

27 87.56
51.58 -0.77 2.48
59.42 -0.48 21.75
155.63 29.04 2.05
118.44 6.28 -30.22
34.02 -0.41 6.94
198.60 -2.58 -0.53
80.42 0.66 -1.13
192.80 -51.68 48.69
100.71 -48.72 18.11
52.07 -53.44 -22.13
180.20 -1.14 3.11
154.17 -10.94 -2.27
7.41 -3.48 3.48
119.88 -66.89 9.00
6.40 -1.70 4.49
52.65 -1.13 7.07
177.02 -2.04 0.00
134.36 -2.93 7.97
165.35 -4.24 0.15
138.76 -61.70 -4.41
89.76 -0.23 -2.92
77.18 -0.14 7.83
186.50 -13.67 1.39
163.75 -2.27 38.60
27.75 43.90 36.84
171.58 -6.08 -52.65
128.67 19.72 12.67

95 81.69
13.59 -0.51 -2.25
193.89 12.96 -39.90
10.55 -10.55 -73.39
61.64 -31.20 4.20
66.99 -15.53 7.48
190.58 -5.50 0.38
67.28 -2.65 -2.65
1.75 -45.64 -14.44
16.89 -1.79 -0.94
172.72 -1.41 0.64
39.56 -0.16 -0.12
176.23 -3.58 3.65
69.28 -29.54 -23.56
44.47 -2.80 -0.36
110.58 -3.78 3.21
115.40 -4.00 -5.32
58.21 9.90 6.55
106.90 -7.33 1.92
152.22 -3.31 7.40
76.15 -12.53 39.41
188.70 -5.79 10.98
9.06 -31.08 11.07
32.68 0.52 -6.53
10.39 -6.21 -1.16
139.99 0.53 -0.67
179.68 -15.78 26.85
3.10 -24.81 26.81
6.10 -14.44 4.24
64.79 -0.63 1.73
33.90 44.85 -44.85
61.31 -3.92 3.92
93.16 0.41 3.78
44.11 -3.27 -4.93
188.64 -0.32 -0.69
22.41 -0.88 4.57
138.54 49.37 28.92
70.18 0.01 -0.09
41.65 -3.21 -0.87
167.69 2.63 -0.00
169.50 -6.70 2.07
153.38 -2.16 -1.41
28.40 -0.85 20.99
63.11 -0.60 3.40
44.96 -9.93 33.36
98.42 -1.30 7.60
60.87 -2.79 6.48
137.30 -17.61 30.51
94.76 -34.29 13.82
174.90 0.00 75.98
168.37 -19.87 29.92
36.73 -1.91 5.03
107.59 -4.80 1.49
101.29 54.86 16.51
4.52 -0.19 -0.03
41.88 -6.04 2.91
8.03 -4.80 -1.63
107.81 -60.44 28.15
6.93 -4.62 4.27
8.82 -47.16 -19.54
196.42 -17.96 21.71
173.31 -1.89 5.93
75.10 -14.04 49.33
2.27 -5.25 0.82
45.31 1.16 0.75
157.90 -36.52 -14.20
54.87 -29.89 29.89
58.79 -6.33 2.06
127.57 0.18 -0.00
61.49 -10.26 -30.09
171.44 -5.40 -1.01
111.12 11.94 -0.00
126.63 -1.10 2.87
28.28 -14.69 1.49
183.88 -0.22 3.23
136.21 -1.61 -1.61
10.50 -20.71 58.27
81.11 -11.21 65.66
95.68 21.59 -47.27
113.89 -0.11 -1.37
132.07 -0.14 1.98
119.68 -25.56 -14.99
49.76 -0.35 1.51
152.40 -39.70 18.49
148.90 -1.80 -1.24
148.22 -1.17 0.00
177.20 -3.21 -4.28
27.15 -6.89 27.94
158.27 -2.37 -3.13
12.09 4.38 -4.45
115.56 -5.30 1.31
62.31 -12.03 10.00
2.41 -0.62 1.96
17.28 -2.75 0.81
31.19 21.51 -71.59
94.23 -10.22 66.17

96 91.16
130.43 -64.90 31.25
19.31 -33.64 0.00
9.35 -63.38 -23.07
130.69 -1.53 2.84
135.19 -1.07 26.57
25.79 -35.07 26.69
183.81 1.33 0.40
66.18 -3.52 9.20
175.93 41.96 29.51
159.75 -0.26 2.98
121.69 -34.09 68.46
65.54 -41.10 73.79
145.19 -51.42 -51.42
61.60 -2.04 6.27
154.12 -2.55 8.01
191.41 -81.60 31.61
38.71 -19.27 37.18
72.23 25.01 16.07
123.42 -20.15 55.88
35.32 50.46 -0.00
78.31 2.85 -5.54
78.10 -46.05 57.75
187.82 4.61 42.66
15.92 -4.68 6.90
29.99 0.35 -0.19
42.11 57.45 -39.98
196.12 -2.46 -2.84
138.65 58.77 -0.00
8.85 7.29 -3.83
68.83 28.38 -17.26
28.26 -1.97 -6.51
76.22 -8.13 -66.92
199.63 -5.42 40.66
80.58 -58.18 38.35
118.60 -1.05 1.99
123.44 -2.11 1.61
191.61 -0.06 2.27
154.28 -66.99 -21.20
18.14 2.04 -2.84
79.92 -6.92 1.49
21.93 8.38 23.33
148.69 -1.08 2.85
180.75 -4.42 2.13
6.08 -0.00 -59.68
64.91 -0.91 3.98
138.65 -0.93 -0.71
72.70 52.65 -7.24
62.01 -37.04 -37.04
22.86 -2.37 0.51
135.96 -7.11 4.68
178.68 4.85 22.51
124.24 -0.93 -1.23
21.16 -0.77 -1.02
87.38 1.91 -0.53
146.58 -23.40 28.29
181.58 5.97 3.50
79.32 5.81 -0.00
6.78 -39.01 -39.01
49.77 -0.31 2.76
118.33 -38.45 -32.73
101.31 -3.92 6.44
89.65 -8.14 -24.08
55.18 28.15 86.62
187.34 -3.21 5.00
178.47 -0.10 0.04
49.52 -0.02 5.41
147.81 -12.10 0.00
74.60 -64.75 9.76
116.03 -4.17 4.53
138.28 -44.14 69.92
192.31 -0.07 3.12
22.70 -50.90 -24.51
15.57 15.00 65.72
159.63 57.10 -57.98
79.05 75.34 -0.00
182.20 -4.10 5.24
138.09 -0.38 21.68
61.47 63.06 -63.06
194.66 -6.27 8.16
134.92 -0.71 0.31
188.96 -27.54 -41.60
143.08 -1.64 0.00
198.66 -0.95 53.67
62.80 -1.62 10.11
53.45 -11.25 -2.10
90.92 -1.78 8.03
137.62 -1.97 14.80
189.88 -1.21 -0.44
107.43 -3.57 4.24
36.07 -12.71 22.82
67.05 -4.22 -4.45
44.22 -14.87 68.71
76.27 -5.87 5.53
9.08 0.14 -0.10
91.45 1.98 1.31
94.67 -5.18 -1.18

30 14.59
16.10 -0.94 0.45
96.20 0.05 -1.15
148.95 -5.38 1.49
96.55 -0.40 0.45
194.46 -6.18 -4.26
24.48 -0.02 0.10
134.77 -0.54 2.89
153.67 -0.68 -0.05
26.86 -0.00 -11.86
80.67 1.73 1.73
12.05 1.15 -0.00
103.66 -8.86 3.16
55.78 -0.75 -0.60
160.20 -9.90 -2.47
80.86 -0.27 -0.65
173.93 -2.16 9.98
42.02 -0.10 0.99
93.50 -0.76 0.55
89.07 0.59 -0.36
93.61 -4.12 -0.85
46.72 -2.44 -0.89
146.51 1.00 -0.00
179.70 0.14 0.11
189.79 -1.13 3.40
110.01 -9.31 7.57
181.46 4.82 -0.00
76.46 -0.25 0.56
117.21 -1.11 0.20
188.88 2.56 0.18
101.31 -0.04 0.41

22 88.12
198.13 14.24 43.82
84.69 -4.45 -0.72
21.84 1.15 -0.80
27.34 -0.04 0.38
137.05 -9.84 31.61
79.79 -11.19 12.09
167.57 -55.56 36.63
59.47 -1.85 0.34
56.87 -0.20 7.47
8.59 -44.41 15.82
105.81 -58.53 12.57
165.27 -4.93 3.33
39.35 -8.54 0.73
62.72 -4.41 74.84
141.46 -4.75 5.03
59.22 -3.76 1.16
123.30 -6.29 -5.08
198.72 -2.95 1.47
17.70 2.86 -1.70
101.15 -41.54 42.36
109.46 -0.59 0.80
78.68 -13.90 5.39

81 53.57
148.08 -0.71 -0.94
4.53 -11.33 22.26
168.83 -0.00 -2.45
13.63 27.70 40.13
136.30 13.34 -0.00
40.99 0.84 -5.14
138.85 -10.32 18.52
17.16 0.42 1.95
28.76 0.02 -0.43
145.43 -4.59 0.31
118.35 -0.96 0.89
147.91 -4.71 2.34
181.70 -25.58 -4.12
7.15 -2.00 3.54
184.65 -3.92 -0.63
82.83 -3.42 2.72
171.72 -5.01 1.16
129.19 -0.17 0.70
142.98 -1.61 -0.40
48.51 0.39 -4.22
93.73 15.23 3.35
140.10 -0.48 1.98
136.27 -44.69 0.00
51.45 -10.17 17.61
140.54 4.27 9.36
77.99 -3.41 21.35
102.52 -2.96 3.78
113.51 -29.74 30.92
166.40 0.00 49.22
8.96 -0.13 0.52
160.77 -0.46 4.93
68.91 1.75 -1.77
132.70 -2.16 36.71
164.94 -0.23 0.15
147.19 -0.03 0.53
174.97 -0.97 0.54
141.92 0.82 -0.23
75.60 1.15 -7.04
17.94 1.84 1.08
190.54 2.54 -0.00
40.71 -3.43 -1.16
25.89 -1.43 5.01
53.60 -0.36 2.26
72.34 -0.00 -4.16
22.29 -0.63 2.32
41.45 -0.56 1.63
29.72 2.11 -0.87
84.34 -1.04 2.87
108.45 -0.02 0.44
151.03 -2.42 1.60
112.89 -0.71 3.68
23.90 -22.18 -1.18
128.98 -2.11 10.90
170.38 -35.98 35.98
115.19 -1.37 0.07
109.03 0.87 -0.56
112.82 -36.40 25.21
167.12 -1.50 -0.66
181.43 -3.78 27.26
49.31 -8.61 -11.47
46.83 -40.05 7.33
127.93 4.53 2.91
172.08 1.62 -1.48
36.58 -3.13 30.53
21.08 -21.96 -7.40
17.71 -0.73 -0.45
0.86 2.83 -1.68
88.62 -20.21 -1.82
142.05 0.09 -0.57
63.77 -0.49 -0.84
79.17 45.38 -9.33
158.03 -30.53 0.53
137.56 -3.20 -1.59
14.06 -0.87 4.66
59.42 1.28 -5.04
68.85 -1.05 -3.46
69.34 -0.13 1.48
41.19 -0.08 1.22
94.22 -2.11 -3.65
136.57 -2.82 -0.96
160.65 -23.99 3.62

64 77.97
187.24 -23.48 34.63
21.32 -6.68 60.11
31.48 -5.09 54.94
129.35 -58.01 28.85
195.93 -24.67 0.00
155.05 -1.04 33.49
101.25 -6.22 -1.16
173.28 -2.28 4.91
177.74 -8.18 72.63
194.68 -10.40 -19.40
144.70 -7.20 13.90
191.97 -19.30 38.75
58.40 -0.93 -1.07
44.80 1.04 -5.02
100.41 -49.45 48.48
46.48 -1.11 0.57
153.24 -2.84 0.47
35.05 -13.75 17.88
194.05 -5.03 4.28
62.47 -5.94 1.65
174.18 1.99 -0.82
191.99 1.30 -32.83
193.44 -1.36 5.39
42.38 0.00 32.99
115.23 -9.72 0.99
39.96 -0.88 1.55
196.61 -15.55 21.74
89.88 -27.79 0.00
186.90 -7.05 3.06
185.04 -0.20 0.09
124.58 -2.68 7.28
182.22 -5.29 3.66
114.50 -3.52 3.31
150.66 -6.74 3.05
142.62 0.00 43.42
74.01 -0.14 0.96
99.14 -3.39 4.65
8.66 4.08 2.87
165.97 -1.73 4.26
17.60 24.05 -0.00
22.85 -3.55 1.11
88.62 -26.68 57.50
118.63 -20.41 0.70
184.98 -39.82 -13.54
157.38 -2.74 6.02
94.88 -23.97 45.42
166.03 -3.16 3.22
116.22 -4.30 -6.49
19.61 -5.44 44.26
112.44 -3.52 0.30
68.55 -5.23 -5.52
108.04 -2.77 1.82
97.52 -1.14 0.19
117.95 -4.21 18.96
184.20 1.59 -4.54
79.08 -2.02 0.00
93.70 -2.56 -0.38
93.49 -10.07 8.93
148.23 -4.92 -4.66
65.10 -3.20 -4.01
94.28 11.65 -2.39
137.89 -0.54 -0.14
32.67 4.65 -0.00
91.69 -0.84 5.65

45 98.45
118.54 -5.33 5.64
141.15 -3.32 7.43
93.91 -40.10 80.53
98.35 5.07 -41.79
51.54 -16.37 71.72
119.19 -16.46 72.11
77.63 -0.81 8.74
60.22 -2.07 9.05
158.93 -5.09 2.13
31.16 -36.93 50.70
104.37 10.96 -24.01
168.17 -41.08 13.99
51.04 -15.89 43.18
118.65 3.24 -4.52
61.89 -0.28 -3.64
130.50 -10.75 -1.37
72.46 -2.68 2.68
21.54 -66.15 -50.66
156.19 -57.29 5.83
77.28 -0.33 -0.24
155.00 -0.52 2.86
6.66 5.44 1.64
15.19 -4.12 1.79
50.76 0.00 5.01
34.97 3.96 -0.00
142.47 -2.51 -2.00
132.88 68.98 -19.33
3.78 -50.02 83.59
113.69 20.28 -25.43
155.55 -12.26 8.19
164.67 -2.96 23.12
142.69 15.09 -92.07
120.68 -0.50 7.32
129.03 -48.85 38.88
199.20 -0.21 0.58
23.48 -4.05 -1.95
192.11 -0.45 34.03
41.06 -9.46 -1.58
97.57 -1.47 -1.17
94.41 -45.03 -7.25
33.31 -0.10 2.92
67.29 6.88 1.52
59.95 -1.73 -3.00
14.92 -11.64 6.16
169.93 6.81 -0.00

10 27.13
180.22 13.95 20.21
60.96 -1.17 -1.47
16.02 11.54 20.62
28.39 -10.07 -22.05
99.84 0.12 0.14
112.77 -22.29 10.08
115.44 -1.12 -0.69
162.47 -4.22 7.30
45.83 -4.68 13.17
104.69 -0.48 0.07

39 42.26
68.99 1.74 -0.49
50.87 -0.04 0.22
71.76 -1.96 -0.07
4.38 0.03 0.10
165.35 -2.30 1.53
109.93 -0.50 3.36
192.21 0.84 -0.76
199.84 -6.46 34.43
125.88 -1.97 -1.87
15.77 -30.38 14.63
155.41 -0.41 2.78
178.57 -12.68 19.38
112.86 -6.97 19.61
45.23 -0.21 0.07
123.61 -1.40 -2.42
197.27 -21.58 34.19
37.89 -0.57 3.22
1.42 -1.00 0.34
48.92 -9.76 35.94
81.67 -4.33 31.26
50.66 -1.97 0.23
194.00 -14.67 2.68
181.25 -1.51 -19.45
54.26 1.77 -0.36
113.87 26.14 -15.48
94.15 -38.50 9.49
150.04 -0.06 0.43
170.11 22.86 -35.46
55.00 -35.02 21.36
172.70 -1.04 0.92
197.19 -5.90 7.81
149.06 -0.18 1.33
34.31 -0.20 11.45
157.40 -4.08 0.14
56.57 -1.74 -2.47
128.62 12.35 -35.30
62.93 -39.71 8.53
158.62 -2.05 -0.34
114.95 -3.90 1.21

36 4.87
126.92 -1.55 0.48
44.56 -0.20 0.01
49.58 -0.10 0.14
56.21 -0.66 -0.63
105.53 0.03 -0.12
106.65 0.01 -0.04
53.75 0.10 -0.23
24.39 -0.22 0.22
160.73 -1.56 0.68
10.33 -0.23 0.65
22.44 -0.33 -0.35
36.57 -0.07 -0.22
127.74 -0.01 0.05
56.02 0.25 -0.00
49.56 -2.02 0.43
82.62 -0.28 0.35
49.36 -3.94 1.71
92.11 -0.07 0.09
29.23 0.37 -0.00
78.93 -1.90 2.65
151.08 -0.00 0.00
31.32 -0.10 -0.46
117.78 -2.45 1.99
13.38 -0.40 -0.26
42.75 -2.39 -0.76
133.96 1.64 -3.58
27.70 -0.08 -0.01
35.55 -0.06 0.48
69.55 -1.59 3.69
51.69 -0.29 0.26
160.34 -0.06 0.03
170.62 0.25 -0.25
50.54 0.10 0.10
54.85 -0.05 -0.10
94.20 4.01 -2.11
85.15 -0.01 0.10

39 98.70
108.07 -19.91 -58.90
16.82 7.37 4.32
43.99 -4.80 0.49
158.07 -51.01 4.34
194.82 5.02 4.21
170.52 -14.16 62.04
13.82 -35.29 20.38
35.17 -50.24 52.23
57.26 -0.05 6.15
179.29 -0.19 21.28
19.37 -85.01 -9.25
145.93 7.30 67.59
48.52 -3.19 -3.57
8.93 -7.02 -4.35
149.39 -5.97 16.55
147.08 -24.66 44.28
99.98 -6.91 6.51
84.27 -1.45 7.71
55.35 31.66 45.86
117.94 -0.23 13.28
12.35 53.59 -0.00
34.11 1.97 8.65
72.77 61.31 -21.05
125.91 28.92 -21.01
186.23 -37.09 77.02
21.65 -28.27 34.17
24.91 -5.38 -1.70
70.05 -0.44 9.83
158.09 -3.19 -8.40
140.83 -49.97 41.55
126.52 -1.43 7.62
184.16 -5.71 0.95
104.76 2.20 -6.29
26.30 0.39 -9.76
141.82 -70.54 52.46
10.03 6.31 -0.00
106.24 -23.96 70.70
126.65 -74.17 -38.93
151.36 -0.16 3.49

8 37.97
69.41 -30.15 -10.25
181.54 -2.71 0.67
116.49 -0.25 1.10
187.09 2.19 4.98
152.85 22.96 -0.00
75.30 2.48 -1.40
3.67 -14.78 24.70
171.16 -0.51 3.28

78 13.24
4.92 0.04 -0.03
146.61 -0.65 6.61
132.56 -0.13 1.17
172.51 -0.05 0.06
99.06 -1.86 -1.97
94.02 -0.05 0.15
59.76 7.78 -5.42
194.25 -0.64 2.82
117.95 -0.41 0.23
47.80 -0.32 0.28
178.66 -0.76 12.92
96.71 -0.70 -2.62
58.15 -0.65 1.81
154.33 -0.58 1.19
24.76 -0.89 -10.75
24.86 -0.05 0.01
38.66 -0.71 0.76
160.70 -0.02 0.12
121.59 -0.66 0.00
92.32 -0.00 0.17
132.38 -9.96 -7.63
81.83 -5.78 6.99
119.08 -12.48 2.48
152.31 -6.93 -0.62
16.94 -2.32 2.06
68.39 -1.30 0.20
99.94 -1.74 1.03
26.60 -0.44 1.08
50.65 0.28 0.33
40.45 -1.75 6.93
103.44 -0.16 0.20
16.51 -0.29 0.39
28.85 0.01 -0.03
85.86 0.67 -0.00
7.17 -9.47 5.46
80.00 -8.84 -9.34
1.28 0.79 -0.05
56.52 -0.07 0.06
101.99 -0.00 -1.14
112.40 -0.00 -0.00
4.05 -3.07 9.65
126.20 0.95 -0.39
19.85 -0.15 -0.16
136.70 -5.34 10.31
106.41 -0.99 -2.37
67.42 -0.01 0.07
103.15 -11.13 2.74
18.51 -0.21 1.29
37.98 -8.73 3.93
119.65 -0.48 0.00
167.59 -0.06 1.09
169.14 -0.02 0.37
71.53 -3.47 -10.26
20.42 -0.01 0.01
80.98 0.25 1.09
180.64 -0.07 0.51
89.85 -4.05 12.46
148.34 -3.10 -2.14
53.11 -0.83 -0.07
93.29 -0.63 1.32
138.43 0.11 0.33
5.71 -0.73 0.57
25.87 -1.19 0.57
152.56 0.00 -0.01
177.85 -0.77 1.06
123.38 0.01 0.02
151.39 -0.98 0.10
51.74 5.71 -7.16
67.92 -0.02 0.01
179.36 -0.85 1.82
124.54 -0.09 1.00
35.77 0.00 0.66
116.39 -0.81 0.93
134.47 -1.09 0.09
171.18 -3.05 3.76
110.13 0.02 0.05
107.28 -9.01 5.06
101.59 -1.26 0.47

54 94.14
193.76 -5.75 17.69
25.37 -23.44 82.38
168.21 -60.78 70.14
176.61 -0.00 -87.04
31.66 0.89 -1.01
122.72 -14.24 0.00
22.14 -1.89 2.84
42.63 -24.29 68.35
155.19 50.38 -0.00
12.17 -40.68 78.51
87.23 -37.26 -69.46
155.54 -1.27 -0.59
144.02 -0.48 0.87
98.20 -0.25 1.01
36.31 7.64 2.24
78.98 -7.02 -1.60
134.28 -17.27 18.31
6.03 -1.91 -1.00
161.28 -5.23 1.70
108.54 3.01 -0.84
35.35 -10.48 19.15
173.29 -0.15 34.33
77.03 0.00 84.45
29.29 -0.14 6.16
30.98 -31.07 79.54
73.44 -5.73 18.40
109.51 -3.61 -1.23
177.55 -57.14 -13.04
172.51 -44.58 27.19
185.41 -74.65 -43.78
33.06 -1.63 2.58
119.39 -75.21 -36.22
85.14 -0.76 5.08
190.28 -63.77 -34.51
40.08 3.42 -0.00
144.92 -8.64 1.35
86.39 -3.17 22.02
194.79 -1.65 2.19
80.07 -0.00 -0.79
159.94 -2.63 1.65
160.11 4.06 7.26
35.85 6.55 -6.65
176.90 -5.10 -0.75
10.40 -2.10 1.67
45.59 -20.17 33.71
138.59 -21.00 28.32
90.60 -0.79 -1.73
109.63 -7.39 -60.89
122.64 -28.90 76.21
167.84 -4.41 -2.88
165.22 -0.04 0.07
123.62 -0.04 9.14
189.28 -2.68 24.86
178.91 -2.86 32.57

4 18.67
83.54 -0.04 0.36
177.71 -0.20 0.60
85.25 -9.52 -8.54
135.57 -5.56 10.16

5 79.31
88.96 -4.88 -5.63
84.43 -1.11 1.20
43.95 46.79 18.13
25.33 16.73 20.98
13.08 -5.25 3.03

15 50.93
63.40 14.85 3.27
81.13 3.43 -0.00
196.11 0.32 -3.46
185.84 -3.51 -0.32
8.24 -2.94 19.00
79.44 -9.35 -3.15
143.93 0.00 5.22
24.15 -0.62 0.55
150.20 -26.29 13.08
165.48 0.09 0.07
49.23 -2.68 2.38
53.74 -0.10 2.09
17.62 -13.18 -13.18
84.64 -0.22 0.13
20.16 9.16 -17.78

22 25.73
95.36 -13.76 -0.73
95.27 -0.08 -0.31
64.97 23.48 1.66
98.31 -0.01 0.08
76.28 -0.12 1.68
20.34 -0.90 15.19
62.72 -0.01 0.04
29.91 -11.84 4.77
118.65 -1.32 0.24
67.90 0.89 -0.00
111.43 14.56 4.27
59.42 -3.53 7.48
196.50 0.72 -0.00
172.76 -0.05 0.83
20.13 -0.44 0.39
13.60 -17.43 1.19
181.52 -12.62 0.22
148.16 2.93 -0.00
56.93 -0.42 1.74
40.58 -0.49 1.73
51.06 -19.19 0.00
46.17 -0.09 0.12

69 86.18
6.87 -1.52 7.01
13.10 -9.09 33.47
61.16 -70.20 38.27
180.42 -3.97 3.02
71.35 -1.89 -48.49
15.49 -0.46 3.09
91.11 -4.45 0.74
101.54 12.12 -8.44
89.35 -9.24 2.28
115.01 80.30 -27.57
147.56 -16.73 33.60
41.82 0.13 -0.76
99.35 -10.81 23.30
151.80 50.12 -0.00
60.89 -10.88 -75.69
24.50 71.75 -0.00
150.70 -9.02 10.71
96.23 -1.02 7.10
145.88 0.00 4.21
36.43 -0.71 6.26
142.08 -20.22 59.66
180.61 2.71 -1.97
104.87 -44.13 50.45
68.03 -6.95 3.35
161.81 -3.33 7.30
172.61 -2.96 3.39
132.30 0.69 -0.42
58.19 5.05 -2.46
125.50 -0.42 2.20
134.50 29.57 -37.07
32.60 2.82 -0.77
151.94 -42.43 23.13
143.03 -0.59 22.01
74.63 -9.51 3.68
164.74 -8.61 3.20
164.86 -4.74 4.20
143.35 -0.51 4.49
183.38 -47.65 0.00
94.21 -0.30 -0.52
133.00 -6.51 -4.03
184.31 -2.21 -0.70
59.32 1.21 -7.39
110.63 -0.15 -0.13
156.80 -0.26 0.60
186.15 -0.05 0.10
50.92 22.22 -53.65
16.28 -3.88 3.73
155.59 -3.07 0.00
173.36 -4.38 5.06
77.86 -0.42 2.69
68.38 -7.88 6.13
172.52 4.48 -5.62
173.16 -0.73 -0.18
33.67 -37.56 -35.58
69.79 -2.03 -6.68
2.16 -5.60 -6.26
76.61 -3.41 -1.00
190.94 -79.89 -29.08
40.22 -18.02 32.35
17.79 -0.13 -0.22
148.27 25.10 -60.59
194.31 -61.36 19.94
198.74 -0.02 0.11
163.70 2.48 -4.81
180.98 -23.73 0.82
84.61 -7.30 30.36
162.18 -0.11 6.03
197.14 -3.45 -0.56
153.11 -50.96 0.88

53 86.22
138.54 -3.75 2.54
150.85 -7.86 -0.28
102.38 -0.01 0.12
70.75 -53.85 -8.68
119.91 61.21 8.80
31.03 -0.90 -0.06
104.81 14.08 9.31
175.04 -0.02 1.16
143.11 4.74 22.00
78.80 -4.43 1.16
121.78 18.74 41.02
53.78 -0.03 6.53
181.77 26.91 -66.97
143.18 8.59 -70.71
60.30 -3.69 -1.08
67.38 -2.61 1.18
105.69 -1.65 -6.21
58.03 -0.14 1.42
128.92 -4.59 6.65
28.72 -22.92 -5.72
104.62 -6.73 4.21
91.82 -2.99 7.65
93.34 3.02 1.94
28.36 -0.10 4.61
98.48 2.88 8.01
72.89 -58.88 -9.82
109.21 2.00 -1.39
156.49 0.24 -0.19
17.59 -1.05 -1.40
44.84 -4.45 2.57
71.07 -6.27 -0.80
93.45 -7.17 -7.57
90.31 24.14 -0.00
180.76 -17.81 64.05
137.94 -3.16 3.23
16.06 -45.06 40.76
92.54 -1.02 2.47
86.65 -0.70 1.80
161.64 -0.39 7.17
189.09 -62.71 38.24
114.22 3.98 -3.98
188.27 9.73 -7.07
192.20 -79.05 -5.65
60.71 11.89 -57.24
21.65 -5.01 3.90
97.59 -9.89 3.52
85.16 -0.15 0.41
121.86 -35.29 15.33
137.83 -17.85 43.10
148.36 5.32 1.60
163.93 -2.28 7.31
103.11 -0.47 0.55
47.23 -1.68 53.89

72 89.59
167.56 -0.77 1.06
29.18 -2.75 0.14
124.72 -1.36 5.26
124.66 -50.69 -6.48
176.02 -19.10 52.95
31.93 -0.49 -6.28
168.25 3.33 -8.28
142.69 -8.86 -0.80
120.58 -0.50 -2.19
173.33 -17.80 77.99
14.92 -3.02 0.00
18.66 -27.93 48.37
95.02 -7.99 -2.17
100.40 -2.09 5.81
31.51 17.34 -53.37
142.85 -7.10 55.43
126.58 2.30 -0.00
37.48 -57.32 16.83
0.56 0.00 3.00
184.08 -3.55 0.00
55.90 -0.23 0.00
111.62 -4.65 7.11
101.09 -0.00 -49.53
117.84 -27.32 49.94
76.92 -17.41 18.92
155.46 0.00 78.96
92.69 18.73 -29.07
11.80 27.40 3.94
194.11 0.18 -0.01
103.34 2.36 1.98
142.43 -21.53 -0.76
166.54 -4.35 12.32
111.35 -11.94 21.44
62.91 -0.89 3.92
27.96 -16.65 46.18
131.75 -48.17 74.96
21.72 -4.43 0.30
51.97 -2.10 0.62
118.19 -0.00 0.11
151.05 5.36 -0.00
79.98 -7.13 -2.95
155.24 -5.96 5.73
21.69 -32.47 -36.28
154.18 -26.94 -21.76
6.42 -0.01 0.85
8.82 -12.95 18.43
98.72 -54.56 23.70
11.36 -23.04 -68.14
6.99 -2.47 10.81
192.04 -31.34 80.21
98.68 -5.28 0.00
79.83 -6.24 0.32
11.33 -1.48 -7.74
50.58 -2.30 14.87
158.84 -51.26 -68.26
79.84 6.24 -0.00
24.18 -1.95 -4.28
173.05 -67.45 34.62
180.35 -1.67 4.74
61.07 -1.99 44.40
173.50 2.17 0.48
142.44 -42.31 40.67
70.18 -6.84 27.74
64.69 -11.19 10.55
9.83 -20.12 8.74
97.85 -85.16 -1.49
76.67 -6.27 -1.99
186.53 8.97 -35.44
193.35 -14.19 -7.68
141.01 -3.12 5.31
110.96 65.43 -0.00
22.60 -2.45 2.50

44 87.14
178.81 -0.44 -3.79
131.53 -19.73 -24.74
81.13 -44.00 -7.09
103.74 4.82 6.99
137.84 1.66 -4.12
108.28 1.42 1.42
76.51 -2.28 4.24
119.50 -6.90 -5.29
20.90 -0.64 -16.33
138.27 -1.08 10.48
32.60 -1.61 0.14
196.59 -11.03 45.87
0.32 -5.39 -0.19
169.02 -11.08 36.41
151.41 31.03 -0.00
138.78 -0.18 1.06
181.16 -2.45 3.13
43.84 -6.75 -3.75
19.46 -0.01 0.51
60.79 -7.73 1.20
49.71 -0.60 7.66
68.70 -1.32 -0.27
136.53 0.35 -0.00
18.14 -9.31 46.78
142.17 -2.09 1.73
135.49 -5.64 6.21
142.13 -22.33 7.95
74.35 -0.88 5.02
143.39 -46.59 -11.63
180.12 -3.65 -3.85
19.93 -12.42 11.70
0.91 -0.29 2.84
191.52 -7.25 -1.21
48.75 -11.06 52.55
101.88 -0.43 4.90
173.04 -18.11 38.31
126.65 -3.36 0.40
158.14 -47.77 13.28
64.91 -28.08 35.86
186.85 8.39 -51.19
8.22 -51.47 -59.39
128.15 -24.21 51.21
75.39 4.23 -0.00
134.55 -7.45 12.91

41 83.89
94.99 -1.29 4.07
66.78 -68.11 45.51
56.37 -7.64 23.01
43.54 -47.58 -18.50
36.70 -2.80 0.65
33.01 0.65 -2.58
4.63 -6.49 -0.35
193.49 43.62 63.20
165.01 14.48 -23.88
178.98 -2.59 1.04
40.91 -1.69 3.72
120.03 -3.48 6.13
159.53 -0.49 1.10
197.39 -0.00 -7.68
171.29 -78.43 0.00
34.84 -24.59 -2.21
94.34 5.90 -18.16
16.92 69.66 -14.32
158.23 -0.26 3.57
110.38 -5.12 4.08
34.36 -4.70 6.01
169.25 -15.82 19.84
143.29 0.64 -6.90
74.62 -39.35 -4.28
126.75 -3.82 1.06
45.12 -1.46 -0.19
195.28 -2.54 -0.80
190.96 -13.72 29.56
46.81 -11.26 -73.47
76.77 -2.90 0.00
77.08 -2.81 3.27
74.45 4.86 -60.73
20.87 -27.98 -21.43
131.36 -17.21 -32.09
125.20 -2.52 6.98
158.00 41.60 49.80
26.88 -0.97 0.88
70.38 -49.96 3.42
129.80 37.56 -38.14
169.62 -40.05 -17.64
109.68 -13.40 36.41

100 16.33
94.69 -4.73 4.55
9.57 -1.22 0.49
184.08 0.92 0.65
173.41 5.50 3.22
148.45 -2.78 10.50
6.89 -0.10 0.42
50.67 -0.03 0.19
72.12 -6.47 5.50
151.21 -0.73 1.41
51.05 -0.46 0.02
42.90 -3.01 9.46
170.45 -0.41 -0.16
42.55 -0.35 0.94
191.17 -0.54 0.29
118.98 7.89 -5.73
26.70 -0.65 -0.72
15.81 -0.01 0.56
132.92 -1.74 7.62
73.98 1.10 0.92
162.99 -0.35 0.64
181.10 -1.74 -2.63
198.78 -0.44 0.19
139.66 -0.34 -0.29
88.19 5.96 -0.00
117.07 -0.11 8.66
78.01 -1.11 0.31
13.48 1.16 -0.00
195.05 0.95 -0.50
197.63 -0.35 0.91
61.78 -0.44 5.63
87.73 -0.25 -0.28
161.35 -0.27 1.35
176.07 -0.33 1.59
122.23 -3.46 8.50
26.14 -0.12 0.11
143.24 -0.18 0.85
148.68 -0.17 -1.12
16.32 -2.73 15.01
18.97 4.24 -2.95
145.77 -11.25 6.31
45.74 0.91 -4.39
31.83 -0.20 0.05
129.00 -0.40 3.22
0.49 -0.38 0.34
3.25 -0.28 5.13
146.33 -1.28 6.43
78.17 -0.01 -0.01
71.52 0.16 0.05
9.01 0.06 0.08
102.31 -0.26 0.31
95.20 -0.61 -2.29
71.95 -0.39 1.53
138.58 -5.38 1.83
102.94 -0.26 0.80
93.56 0.66 -0.92
108.25 -0.04 3.22
34.69 -0.62 6.03
46.92 -0.65 0.24
88.85 -0.04 0.38
96.55 0.20 -0.12
141.12 -5.09 0.00
111.32 3.90 0.86
164.69 -10.04 11.05
179.67 -1.18 1.05
110.32 0.07 0.04
186.24 -0.05 -0.61
9.01 -0.01 0.21
0.86 -0.06 1.10
128.34 0.91 0.35
29.59 -0.13 -0.18
76.51 -4.03 -0.29
157.27 -8.43 7.94
77.32 0.06 -0.08
32.02 -0.58 6.59
5.92 -0.14 0.23
8.57 -13.65 4.86
183.10 -1.46 4.39
144.60 -3.82 0.07
89.61 1.45 -0.41
166.71 -0.13 0.24
23.70 -9.59 11.60
44.52 -1.46 7.79
19.38 -0.02 -0.01
75.14 -13.72 7.48
139.38 -5.68 -2.98
143.58 -0.23 0.88
150.69 -1.18 -0.40
38.26 -0.43 0.69
151.34 -0.70 0.47
186.81 -0.34 0.20
2.28 9.43 -6.85
54.01 -1.78 2.45
84.98 4.47 -0.00
119.56 -0.63 0.97
36.40 -1.14 0.76
80.90 -1.43 0.05
162.62 -0.55 0.27
140.27 -2.85 -8.43
68.34 -4.90 8.95
169.78 0.43 -0.60

31 20.08
173.85 -14.24 -1.82
23.57 -0.03 0.77
31.12 0.09 0.79
162.15 -0.41 0.00
16.88 -14.84 -10.22
176.40 -1.31 11.59
145.76 1.22 -0.00
94.85 -0.45 1.41
156.59 -0.64 -0.07
21.59 -0.09 1.74
173.76 -0.39 1.24
0.11 -1.10 1.30
74.89 -0.30 1.45
68.14 -0.21 0.00
136.37 0.54 -1.81
37.96 -1.07 1.18
103.10 -0.11 0.41
156.17 -0.33 0.16
79.78 -0.11 1.09
56.38 -1.62 0.45
90.71 -0.27 12.13
90.72 -13.74 8.60
9.47 -0.51 1.36
140.10 0.78 -1.70
161.07 -3.31 17.67
181.36 -0.52 0.35
51.13 12.35 9.39
13.03 0.48 0.14
86.37 -0.59 9.97
177.17 -4.64 -8.65
118.51 -7.18 8.84

98 57.11
28.83 -2.06 5.28
170.60 -6.84 6.45
60.84 -3.05 2.93
81.63 -0.44 3.31
155.59 -4.16 1.16
138.31 -1.17 23.68
140.64 -2.43 2.53
138.65 -3.01 1.84
131.68 -2.26 1.38
140.41 45.62 13.40
151.85 -0.06 0.09
47.18 -0.71 1.35
129.72 0.46 -1.53
175.24 -4.19 -1.41
189.53 -0.69 1.67
92.38 1.27 -7.75
98.19 -3.45 -0.12
18.61 0.65 -3.97
186.25 -0.72 1.91
192.50 -0.84 0.00
50.64 -24.61 -0.87
111.16 -0.29 5.00
32.35 -31.34 21.71
97.90 -9.23 24.33
19.44 -3.84 0.95
156.55 -3.08 13.50
25.54 -14.56 15.43
22.91 -0.83 26.68
31.64 -9.65 16.71
166.33 -3.76 36.69
162.64 -4.27 4.70
68.44 -2.21 0.22
182.38 4.42 -0.00
146.88 -22.49 40.38
109.00 -1.07 4.02
196.00 -2.02 1.79
169.29 0.00 3.42
54.09 -5.78 22.88
157.83 -3.54 -3.36
128.50 -0.41 46.53
133.28 -0.61 4.94
46.08 -7.81 23.03
115.13 17.57 -43.73
81.82 -0.03 0.52
141.83 4.31 -0.00
194.69 7.38 5.19
50.30 -14.07 13.53
168.36 -47.81 -28.04
114.01 -4.67 22.84
69.63 -6.59 -8.72
185.47 -4.33 1.95
166.14 7.71 23.74
51.91 -17.27 -45.54
7.17 -0.32 0.20
187.45 -1.64 -3.92
178.87 -4.89 -1.33
137.01 -6.16 4.26
145.20 -11.47 0.98
168.87 -15.49 46.68
66.48 -1.53 1.47
38.99 2.14 -1.27
80.86 -36.37 -40.63
140.61 -24.06 -21.61
137.44 -0.98 1.04
155.91 -0.62 2.72
105.00 -9.58 27.69
177.28 -0.47 0.63
127.12 -33.99 35.35
179.70 35.71 -0.00
126.35 -3.68 31.23
54.44 -42.90 31.90
69.67 -0.29 5.42
81.60 0.12 -1.27
73.89 -2.30 4.62
96.26 -4.52 -6.83
65.72 -2.17 -6.42
92.30 -3.51 -3.51
152.79 -21.65 -8.42
59.44 -2.35 3.46
88.35 -1.36 2.20
66.83 -4.08 -4.31
111.42 -23.36 -6.34
157.95 -7.60 7.30
179.03 -8.30 18.22
166.87 -5.42 5.00
118.01 -3.52 1.98
155.72 -10.56 24.08
45.41 4.48 2.88
177.72 -16.36 13.89
22.71 -0.11 1.46
130.31 -0.06 -0.12
129.45 -2.33 4.12
120.09 -10.36 3.37
154.31 -2.14 -1.33
86.36 2.53 -1.50
18.45 -1.42 3.93
46.75 37.65 -42.50
176.93 -17.18 17.86

60 8.48
16.56 -0.03 0.28
116.76 0.43 -0.12
48.19 -0.51 0.05
76.74 -0.62 2.10
38.28 -0.33 0.33
35.55 -0.24 0.21
23.22 -0.27 -0.36
171.48 -1.55 8.28
31.91 -6.17 -0.33
118.37 -0.57 4.64
164.37 -0.16 -0.19
135.08 -0.53 -2.33
181.15 -0.40 0.31
59.73 1.37 0.53
61.25 -0.31 4.02
196.46 -2.88 4.33
190.92 -0.08 0.16
184.70 -8.27 -0.44
31.56 -2.42 3.15
28.93 -0.64 0.19
76.17 -0.08 0.31
100.72 -1.45 2.38
166.83 -0.50 0.50
111.77 -4.51 -0.08
93.02 -0.32 0.68
25.73 -0.64 -0.28
29.01 -0.06 0.00
77.68 -0.38 -0.40
85.19 -2.56 0.04
94.16 -0.36 0.43
191.73 -0.53 0.42
156.62 -0.27 0.50
19.74 -0.03 0.26
14.03 -1.40 2.14
42.68 1.70 5.24
162.18 0.22 0.05
135.35 0.06 0.04
53.55 -0.05 0.10
158.79 0.38 -0.24
129.36 0.24 -0.46
81.20 0.04 0.19
154.59 -5.10 5.73
132.07 -1.44 4.07
116.31 -2.73 0.76
136.82 1.58 -2.74
27.61 1.11 -2.77
85.10 -0.45 0.49
11.00 0.33 -3.58
103.79 -1.86 0.49
200.00 -0.60 0.25
36.55 -0.43 -0.12
182.64 -0.00 -0.82
14.42 -0.09 0.08
56.01 -0.03 0.63
165.03 2.06 2.59
105.16 -4.41 2.33
167.72 -0.10 0.68
16.49 -0.10 0.00
150.25 -0.58 3.61
165.65 -2.02 3.97

13 52.69
149.12 0.00 18.01
128.32 -0.77 0.56
120.29 -2.73 2.42
93.50 -1.57 38.97
28.90 0.46 -0.00
185.30 1.06 -2.05
20.91 -0.27 1.15
108.59 -0.06 0.33
174.08 -0.02 4.86
49.40 -1.46 1.43
189.74 0.45 2.08
177.40 -18.45 30.84
60.31 -1.14 -0.47

56 24.88
0.30 -1.64 21.01
18.06 -0.55 0.95
46.72 -1.61 1.42
46.28 -4.11 22.59
122.24 0.03 -0.03
131.76 -17.09 14.51
59.43 15.46 -0.00
131.95 1.03 -1.04
116.90 -0.66 1.79
52.22 14.80 7.13
28.88 -13.85 -12.43
171.10 13.35 -7.01
105.77 0.89 -0.62
0.07 -0.22 0.00
103.71 -9.39 -4.93
178.12 -0.09 0.68
135.02 -1.69 0.39
58.62 -0.15 0.02
181.46 -0.97 2.24
159.44 -11.58 20.42
71.28 -8.52 -2.50
181.62 -2.38 -20.65
139.65 0.00 0.00
37.61 -0.46 -0.06
80.06 -10.48 2.58
96.19 -0.54 0.49
2.25 -0.42 1.12
40.16 -2.32 18.87
94.39 1.66 -4.14
80.78 0.08 0.72
60.49 0.00 10.02
169.83 -0.11 0.32
65.34 -1.10 1.93
148.20 -4.07 17.82
21.06 -1.38 1.17
17.07 -1.95 17.35
103.77 -3.29 -17.23
104.16 -0.23 0.35
193.25 1.38 -0.00
129.27 0.16 0.35
72.12 -0.08 1.89
197.29 -1.54 0.33
136.27 -0.16 -0.84
20.56 -3.91 -4.13
42.76 -0.16 1.12
199.68 -0.14 0.75
55.63 0.49 0.07
125.29 22.39 -3.08
42.09 -1.36 -0.10
39.00 -1.16 1.26
142.98 -6.87 12.34
97.58 0.00 8.88
80.78 -0.70 3.97
182.15 -0.62 -0.04
63.61 23.10 -0.00
33.47 -12.66 -7.43

56 58.08
78.43 0.67 0.32
23.65 0.12 -2.95
170.63 -46.45 12.91
128.87 -10.68 55.27
142.02 -7.43 38.48
19.68 -27.12 42.20
121.46 -0.69 15.27
98.36 -39.05 -18.26
192.78 -0.00 0.13
91.12 -0.46 3.57
82.97 -4.02 1.94
101.58 -0.64 0.62
101.87 -0.17 -0.10
29.44 -1.99 1.99
198.18 -2.87 -0.91
60.88 0.22 0.49
143.66 -2.12 0.00
98.25 0.00 18.70
186.87 8.90 -42.81
27.20 -0.37 0.09
98.95 0.45 0.65
20.42 0.71 -0.00
57.99 -14.62 4.06
142.18 9.36 6.02
9.83 17.61 5.30
170.55 -0.88 -7.27
87.85 1.42 -0.59
47.90 -1.61 3.53
113.49 -0.42 4.76
90.29 -1.92 0.20
54.62 -6.04 12.09
91.21 -2.96 -0.27
44.41 -24.06 11.59
74.37 -51.80 0.00
198.27 0.60 -0.00
67.74 -11.24 11.47
87.73 -0.69 1.46
167.33 -1.55 6.44
133.90 -3.17 -3.54
104.69 -22.44 -18.12
85.64 -1.43 2.52
14.72 -2.51 -0.13
62.74 -9.07 54.86
119.52 25.40 -0.00
137.93 0.07 -0.00
166.05 -1.71 0.37
122.52 40.04 -27.87
28.35 4.35 7.78
131.04 -43.23 20.82
94.29 8.08 -4.24
30.82 -23.92 37.22
124.05 1.59 1.21
170.57 -1.33 3.47
35.45 -31.46 3.72
21.43 -1.78 1.03
157.38 0.53 -1.27
