20
ABCDEF
999 31
3 5 7 11
1 2 3 4
ABCDEFGHIJKLMNO
999 31
3 5 7 11
1 2 3 4
XYZPQR
100 4
1 1 1 1
0 0 0 0
ZBCDEWGHIYKLMNO
999999999 407798208
1000000000 1000000000 1000000000 1000000000
1000000000000000 1000000000000000 1000000000000000 1000000000000000
LKJHGFDSAB
1000000000 6750327
22 22 33 33
100 200 300 400
FUZJCYMPRNABVIL
626 65
319365086 688890549 60382555 692300327
332376797543332 12 366631410945670 912688646564475
LRGVISOAYWUZJ
973824388 465638815
189379828 791 26092213 8310688
889642742180537 100 715775643099399 661222824968789
QKZALE
953263636 697407144
881188943 160471205 991326074 267389807
37116719193720 964585663582040 393 105
AJYCUZITHKQ
720258592 461428520
145865649 67230732 801626677 46602748
534951927626796 822019546446350 113589695068569 617982069125675
DKBXUC
102929236 17723780
458951595 402 385239246 477627285
300170338119646 571038019321375 340400669324315 502502258977265
AQSZFCRNH
132198910 66912967
816537506 673335246 233674676 146556095
362899305998272 657 833089316944139 975242695195506
SVRWBN
12810468 12449654
904935510 807407082 589321697 770677810
566662803199113 101227202414325 349409832407378 571411190968733
KASVOEGTUMZH
632171909 549645176
703989760 116187307 908306432 43695876
587139512732540 343135248193131 485 393146212318740
RDXVULNZGBPKJA
218970132 182591464
28444010 961034016 242311853 949979118
71605850894675 227789317468269 779031410028892 575228798544022
DCAFKPVIBWYJRHL
498882824 110119945
98511486 879587131 125808202 624
136107141266568 465158433713444 738507078676337 48936986206677
TKIVUEFBC
54058886 28388357
313936770 409306963 158125810 558
572249494682860 237602940834873 382311239383750 61077382120843
HEXAJVSIUNDYT
771423221 236607231
450146795 339866997 88060023 97160672
858596616040759 317798178118577 46784891060416 122
NKTFOA
51131571 18147838
161027691 957102623 857908384 263677965
836249454429531 852050931612878 660677325997537 845494337485266
PNGRFKVT
8570708 1760660
424866890 313545699 383205159 305425016
634269997142109 830480338668897 474195946354153 282265130893207
AUPMNTFIO
760173348 210409634
150 598659338 810141219 982
836564847366509 82316405035169 448571627224285 505021203724012
