5000
2 1 1
1000 100000 100000
974 54803 99043
659 75710 49400
502 32154 96314
258 71173 99973
675 61831 37932
779 30772 81650
316 33178 98354
96 68157 87468
641 51964 87566
287 34132 77971
611 76324 81487
670 67033 86722
141 17158 48006
541 6963 20191
932 47795 48183
321 60960 73754
753 55240 63894
298 25238 58747
405 68987 75949
198 92649 96400
117 84265 55147
135 61899 40180
135 32828 99525
426 28706 77358
771 1999 94917
863 24240 35376
600 59154 80304
71 54035 69662
210 47154 72675
276 1381 3961
263 15839 32681
487 69920 38353
201 95151 68477
169 44261 97938
857 46958 94111
145 12326 79702
4 34535 66726
529 73020 99406
108 54111 3924
935 72400 88377
853 5079 19359
132 35667 46515
551 1797 55907
216 83811 89167
609 35968 57398
945 75766 58530
720 10548 29291
412 78812 98037
791 93327 81847
655 27395 48207
603 87546 90554
1000 66795 81531
781 11872 31569
722 24907 52301
49 97962 98606
506 73424 95706
746 15454 37201
865 61660 49927
591 37283 23340
987 42218 97338
162 44431 98710
450 93932 50211
696 65664 88234
470 44367 76304
96 37648 52709
203 80554 84935
652 57247 94070
391 30784 59638
782 83774 85492
273 46211 87915
484 90820 94622
439 74347 95167
205 35828 12365
875 59500 59652
858 58751 64389
493 81493 91252
910 67492 78465
255 46741 84661
826 13552 49379
228 84697 99959
599 91682 75061
849 96373 6278
588 13881 24907
331 67906 76613
312 27591 48665
100 63219 33059
639 93456 96009
565 46609 11309
239 84899 92207
903 5683 85315
868 14318 48911
650 56855 60882
811 8469 55077
745 26097 67425
538 47901 69987
479 56567 55301
322 44632 84930
51 56553 86450
821 10006 12158
44 89369 95311
684 14121 66619
622 26105 25248
502 61110 70214
713 23959 45903
423 76670 94933
617 64172 87793
254 56967 68171
854 75069 83800
823 76172 97819
255 86598 98865
858 20087 98734
287 12574 55340
344 15112 90862
813 56747 89540
115 43358 84870
918 47179 84056
911 20465 96630
780 51969 73558
124 32065 75422
902 24777 71955
231 14409 51988
280 74300 90573
577 72323 53246
71 86675 87747
835 78720 82630
200 80843 22996
575 59582 62615
588 66279 87801
444 9162 96908
771 32374 89676
752 98263 99350
573 87554 97530
831 24164 60110
643 9071 58402
353 14588 97932
786 33743 19379
641 23285 97234
979 20464 86197
538 87074 93897
105 38545 24836
218 22767 42146
934 58533 79015
625 61650 91624
267 41949 67978
499 19084 30519
267 83446 84270
814 34564 85270
387 90087 95312
174 71432 86080
269 75600 75748
854 75652 92658
132 8338 30999
561 18051 41330
810 31050 44452
467 36106 36551
650 13919 42350
231 2855 3767
862 54974 93965
356 43517 44014
496 79219 98838
874 18859 54964
763 76488 90525
788 30270 73299
626 18247 39958
81 62165 73855
512 73024 95674
134 54362 83188
427 97785 98344
787 13667 18810
837 88608 91863
203 84279 92779
370 89981 90666
253 45733 47734
896 49207 53434
606 17885 18515
904 94846 94993
455 95182 96235
246 34714 31102
985 48590 99224
836 48593 79641
460 64550 95237
877 71170 79052
451 36507 48224
881 18336 55585
120 79934 97903
81 89391 94344
381 95794 97995
680 46198 56765
201 23561 34388
737 24157 61718
285 86832 88472
708 51272 75842
286 46534 37291
556 44567 67270
495 16550 79052
91 57904 37370
767 25133 80166
85 79715 84989
538 96312 97981
635 25824 86891
562 31612 52158
266 20286 26879
171 87597 93327
127 59434 98333
876 89009 90346
594 29895 99213
768 59500 96137
911 64592 68540
191 22454 81887
553 64496 82003
430 52426 95430
393 14671 55159
574 92874 95677
940 69645 87438
515 95532 99634
406 59738 85062
698 69869 9598
18 18208 87852
350 43592 74128
829 64235 84507
826 36405 69932
329 76803 99820
515 45931 17049
365 94128 10224
829 36157 51512
392 9774 80071
319 11094 87896
722 63680 90321
740 76297 86520
475 45097 39028
685 78003 83742
233 4758 71111
223 54197 71958
30 90584 93229
93 18616 38220
152 28836 84636
607 79422 80680
800 93949 98639
47 81200 89074
323 6579 77851
790 1520 72729
452 20690 76677
516 99241 99632
300 61561 84198
958 65987 34082
26 12513 44698
261 75225 99256
431 28806 94080
698 27954 91469
144 84162 94985
792 70578 89277
515 46558 53930
638 42799 75045
337 31456 55043
939 96854 99018
170 8969 79386
81 26510 49667
36 78685 82047
529 13153 44559
648 80169 80376
408 87250 88231
363 43127 84808
745 21583 81098
569 69357 61676
35 74828 97500
889 76349 91653
815 90271 91242
806 14811 69269
43 60448 96186
125 28055 56884
877 5359 70584
687 95213 96862
783 83032 82482
204 42930 55467
805 99027 99797
337 22632 54640
925 52469 77040
818 90934 95952
64 59911 67795
40 31612 96440
385 13064 90173
346 21973 23005
917 29297 6053
756 95669 98473
876 76540 91471
39 36937 37243
335 74000 43296
646 55316 85493
760 38082 66166
680 10537 25362
175 54966 70121
971 52267 88855
121 49157 87070
13 98249 99760
873 35587 52567
126 14601 59665
289 99802 99886
293 16291 40955
798 67499 96800
56 55460 67799
893 62186 82394
664 52236 64462
177 54344 56168
683 91234 94409
355 86696 95657
38 9115 23974
973 95369 97362
143 21819 75681
175 68956 87690
709 95941 98953
972 91876 95417
831 79332 99873
784 96630 98686
193 62388 86590
522 31387 98969
832 99917 99963
482 79890 94988
599 68490 69831
344 59929 6927
767 73066 77778
242 13389 19349
318 11350 19822
28 58974 87668
400 27294 72215
614 50337 73319
833 32662 73359
319 96507 99501
270 64340 70980
52 85293 98735
995 93728 98514
762 56749 98168
827 24603 30482
342 72281 77719
705 23366 92217
603 59396 92946
993 76535 98572
531 44249 90668
349 96433 97218
970 92095 95508
249 14161 2527
659 39037 52606
702 1281 69910
174 52974 66021
349 23869 52784
764 57074 69879
833 63926 78086
857 64045 65920
294 50050 51727
770 30337 84017
865 94008 94328
270 93600 94764
178 54402 96028
811 26365 38245
345 47063 13912
199 78206 84344
606 26591 78672
429 21199 65484
303 74471 86851
791 91781 94201
470 59214 66899
393 92773 96398
530 19979 74188
649 43375 87846
299 89308 92690
617 79641 84700
120 67845 44427
712 93529 95481
121 1140 69354
130 26591 96415
529 62993 88784
834 34893 81473
444 3264 45032
78 35606 62481
50 27385 93470
925 25824 88817
553 44195 95439
244 21528 45002
152 40071 69299
142 5321 24764
534 91505 61698
865 55167 80005
260 53347 94616
468 53985 77496
239 89095 93551
580 95218 98997
36 73742 20130
620 55644 99015
143 64365 72145
100 37723 47626
69 99050 99771
203 75937 83480
446 37072 49264
922 4768 80439
606 63795 77795
906 99286 99352
842 22796 77528
572 2072 29826
741 76549 90948
263 45273 85090
323 33665 60844
630 38724 19181
728 58328 82033
130 22123 58582
261 71770 91439
91 95836 98520
446 23292 97971
807 32974 55033
785 16233 90948
101 95265 96721
740 45596 49707
615 80039 93024
486 60688 97381
9 56320 63619
910 21171 24225
212 43209 74612
505 40203 80619
144 63330 73642
218 15990 53128
364 39906 61076
591 40607 83815
690 88648 98974
912 65722 74957
303 77766 81190
971 92286 69837
915 40793 43764
378 27527 38972
365 2525 55027
574 2436 33649
771 85084 93755
589 79991 99830
674 27357 32315
391 66133 93612
24 54409 88335
360 82968 57267
290 18483 81790
588 28419 55775
915 67232 77139
783 38066 50465
669 95796 97482
248 99527 99666
100 78229 95286
232 73762 66134
885 70134 74076
631 13485 58240
341 68395 82808
743 6912 20362
157 33518 15648
651 98133 99218
361 26085 79686
443 11981 13280
728 50977 95924
593 35556 94748
387 31462 63461
413 26900 78914
85 4170 83855
634 2525 32156
319 76786 94384
711 88205 95582
31 72717 77796
785 6926 82778
998 88412 91565
93 42545 95672
478 55638 71396
637 41512 59510
646 6319 93653
277 82351 91710
119 89511 33221
509 63451 87829
46 91457 97776
575 5248 87599
708 51283 98467
730 42153 27894
906 19603 69176
829 32457 32626
653 36806 69562
274 13735 39435
976 69694 84512
648 8034 83328
752 51626 83659
590 66513 89727
209 41536 80970
483 28927 35307
358 25843 90555
640 3192 24441
796 7305 92018
748 25501 90635
377 36865 92668
747 35549 64475
549 93871 98232
850 50709 91044
280 82275 77879
581 33059 43944
83 22447 79158
86 78849 99294
824 55366 42503
796 93211 65449
866 22946 98878
970 11544 28632
332 86330 96094
126 22477 28247
822 61737 81305
753 79610 99489
421 49704 92250
912 31052 79420
593 52204 91032
404 40826 12385
841 74122 76479
439 14548 15633
242 65337 73938
380 11225 23144
364 98860 98923
635 53638 92359
939 20319 90483
991 471 5433
291 41723 98955
48 26042 67791
284 28379 37882
752 74408 91864
503 38394 21213
454 51592 52063
238 20539 73847
401 35705 76141
895 45358 73736
929 87994 27969
207 52191 91829
111 20310 59772
274 28186 47190
688 37788 80844
936 30229 66293
531 76688 83400
20 22230 82002
249 80944 82659
370 49709 51007
450 49405 67856
817 89182 93461
884 35911 89897
943 27698 40919
222 41748 86203
140 85463 90390
956 46927 15468
155 11219 40326
42 58813 82485
978 98522 99311
486 92884 98869
855 18528 61726
610 64064 79044
379 98175 99386
450 69635 90197
963 63596 72121
283 32232 92311
376 5704 53738
504 11574 60610
748 84192 88331
618 36519 85102
399 60109 74370
851 2519 22357
691 26231 88433
125 68095 98090
390 35737 66278
754 75312 79174
147 70078 80553
775 54286 58351
611 42618 77034
822 42852 90472
537 43015 39205
396 25634 44980
718 55428 73621
866 980 29737
99 63901 87246
680 26569 30097
213 20568 59773
9 46332 54428
805 21133 99809
170 43617 61765
864 9255 19836
117 7933 7451
169 80113 93247
638 91714 99414
901 9888 33888
403 18618 95997
865 96997 97178
434 78471 93829
594 62931 89095
823 88672 98559
263 439 19056
827 61025 62462
182 49872 75207
40 42988 57989
564 5660 49573
147 81469 84970
782 11 45440
57 94009 98717
892 3276 10182
207 30534 82787
680 60292 93684
855 75835 86409
779 49289 57706
686 20087 21075
977 27994 60187
130 3933 84539
460 57735 60363
794 36197 90175
496 18545 39463
650 60832 80918
352 80555 81553
114 10310 1837
456 2727 79442
697 70032 98439
262 61450 67708
142 19727 54423
141 14842 16280
133 46703 59670
101 86429 85893
336 72276 60860
810 83024 97444
478 52241 55609
699 1305 89932
181 3076 25750
211 76358 38418
476 54580 66190
514 29834 38367
225 81356 96772
510 39556 74522
40 29335 66638
507 82365 99261
786 43786 14045
680 87283 92785
836 22301 83589
27 98182 99851
399 89605 91550
429 74892 95983
692 3902 23897
371 35069 94947
763 90388 94005
389 61344 72427
928 68152 78599
554 27858 79797
533 14639 30694
943 74693 77190
857 31038 56442
409 97511 97964
762 22850 88605
707 95817 96850
57 79370 99789
954 37340 72668
571 2886 70631
477 15983 86419
897 81166 94368
821 47125 90076
531 40661 27415
538 55727 73525
826 64404 66771
165 12198 90620
678 87080 97385
346 22366 64692
556 59005 88251
536 30929 69115
690 54245 75479
967 17862 57809
740 97151 97202
9 77990 79837
165 18553 45194
169 8651 88829
597 7114 56626
56 52221 75027
398 31445 83907
289 2717 35693
415 16791 33970
246 22397 40663
23 746 47776
419 20753 63405
669 43576 87562
527 57835 78436
406 98264 99889
661 7966 94923
804 67270 98364
643 48846 60604
151 36592 70738
559 1634 99889
780 48348 56114
929 10540 30997
115 31875 46590
163 48055 58543
71 23706 72165
933 81675 86849
741 7026 8260
67 97355 99545
262 67262 74414
829 32449 55826
854 1794 43911
239 96143 98574
98 49510 69223
944 3703 68360
111 62612 78450
705 88988 73728
292 74269 89738
632 87730 88311
718 35293 70509
26 741 27113
254 11824 90788
821 71998 52303
697 57642 46621
546 20889 8719
157 98456 69287
726 49367 60208
944 57763 72032
900 62819 56422
835 29315 75935
982 3627 96823
465 14356 57139
438 76608 95214
531 81039 89676
899 18039 93973
551 47186 78143
166 41120 64901
742 86576 98542
41 22027 80715
651 71271 50707
468 81122 5126
333 8053 54783
353 12200 54896
659 41117 93597
1000 10971 32998
719 32639 87020
434 81223 82468
648 71271 78006
499 59002 83238
100 66752 80916
101 70822 98054
695 95409 99130
283 48157 50258
476 1378 51031
190 7332 57366
415 49331 62273
436 34372 62828
743 57350 72345
475 20180 20501
812 92502 97140
179 56628 84536
619 88476 93549
331 99217 99969
877 59627 75406
698 22032 32237
439 64598 99434
506 96449 97622
686 27958 59925
997 44350 54252
765 4515 77998
733 62337 81259
82 13100 34821
561 67114 81087
44 39396 45736
424 92949 6438
574 60689 70002
3 62449 66629
24 14422 30900
864 91352 93992
15 93860 93998
786 38088 39089
746 56605 85246
202 789 11063
413 59622 42921
433 58810 5204
348 77365 83189
482 15991 11605
264 69829 82097
198 3811 76918
71 96079 97462
893 7261 35217
835 68335 95945
760 97310 98522
755 52487 92911
96 31215 81962
252 62340 81044
71 87856 99940
669 39212 75355
384 64691 90565
567 45665 54078
956 92273 34227
954 12918 85040
291 63795 72895
812 58060 97272
924 96477 99881
571 2169 45546
360 15975 50201
714 46905 80403
48 70037 88947
658 17841 46816
297 98064 98369
133 46036 97328
911 81951 87790
315 50024 70650
258 78181 96046
456 16448 84417
623 55713 86974
950 35200 99436
827 64007 90854
37 91014 91313
929 43914 37996
620 97076 99100
543 35147 85115
907 35459 35683
716 3112 94424
442 32027 48772
684 62199 80226
816 73146 88004
373 34414 69872
283 91967 98686
24 6921 57751
985 89104 90452
428 26053 15049
267 97395 98298
454 33490 48527
717 41477 29161
29 63505 83584
126 35876 36495
429 12903 27951
372 74109 88556
400 30073 22045
466 86923 95940
792 11004 46880
335 41208 70462
412 31725 72813
659 80622 99764
869 91675 95813
749 67042 98454
771 57853 95196
190 75788 97321
264 5943 85278
56 29415 57945
965 74087 76012
76 87711 88199
218 60735 60710
412 88171 91377
228 68141 80672
636 55643 85564
642 47846 29158
239 17356 78065
183 15838 66987
321 3813 90080
700 85087 99381
540 60652 69744
162 26483 43223
813 24953 37593
482 25299 32650
879 31180 66192
977 59170 59518
606 82912 84903
247 38997 80647
297 7662 13297
791 45330 88862
667 86906 93044
86 52561 98220
856 37141 85894
380 15209 10058
758 92971 99433
946 55824 77207
218 76026 89230
230 54181 29963
514 83968 99600
702 34256 95370
698 35969 45591
356 32999 99771
63 68523 73820
17 87431 98513
46 54936 85171
378 85669 98930
681 12628 75172
465 45629 90992
422 50441 51963
799 93233 94197
340 92511 98575
256 5168 71960
254 46609 56194
121 66750 68331
581 83458 93061
493 17297 94541
607 94001 99439
134 25336 90540
111 75223 80470
453 42340 6960
964 88846 99867
803 33109 40001
117 51208 15223
188 83990 96192
446 92428 98642
928 87786 97101
667 54600 90423
901 31769 74359
367 85110 90994
223 60076 86265
74 22348 2808
743 73760 92304
785 51619 94972
814 78960 89233
195 84383 32078
333 14490 46098
369 38529 63563
871 85290 88556
481 87162 98485
964 13918 95493
199 89255 94122
426 28948 40219
296 66046 96648
370 38188 45098
514 40185 43046
250 33649 85240
764 65115 76387
345 48610 59968
433 70804 89993
912 79017 63388
276 64980 51799
923 77493 83445
582 6399 81534
649 71992 78594
219 61835 76059
471 52999 53552
720 83564 89962
288 61662 87847
980 90474 98093
438 40100 42273
761 23403 46308
868 50552 85589
682 79706 86019
250 62237 80690
466 7205 32484
865 58841 98352
456 68184 65255
922 67196 34266
355 34840 79107
173 69323 5258
862 20438 49226
182 54522 58354
722 92920 97931
925 84074 89829
201 53508 75534
745 79787 23152
307 71658 9313
440 49384 77072
723 8137 78837
968 96218 97225
127 5002 40896
189 77938 78677
180 31809 97545
62 13050 21187
313 42548 55117
504 77296 91643
272 28596 48890
444 34951 57448
633 45775 89256
195 86800 91524
136 78910 80054
538 63189 54804
457 15650 55172
953 61194 27480
406 17069 22717
337 21048 51628
474 59910 93569
451 35225 56231
35 58128 77150
45 4698 44758
115 70804 90461
656 13489 36769
526 58737 93886
473 24888 99367
666 77784 99717
710 20766 70718
320 6110 28579
965 54803 68291
278 30456 5059
938 71412 81649
10 99089 99659
303 8220 57434
137 2364 57167
643 78220 96733
15 31590 69421
834 16837 68477
584 67278 69642
848 9172 87391
155 60048 98344
267 66466 99097
87 84323 86637
677 70834 80678
461 20280 98805
383 90310 93910
89 16177 96640
422 62544 83950
655 10375 64734
358 98720 99582
751 33829 84595
47 48180 63603
162 63213 86975
707 53627 95401
376 10472 7959
826 95823 96266
119 76106 79432
42 16036 41373
11 79916 90093
151 22123 38310
448 69809 97346
92 62421 64076
257 95902 97789
346 76244 92586
704 24862 25230
968 66952 86016
819 84878 87680
618 14509 75149
612 10 54903
491 84807 97257
451 26096 82134
942 35692 48941
835 17249 84234
527 31007 47368
726 40942 77366
715 7148 49595
560 92232 58209
469 63482 81595
184 86886 92673
16 37467 63215
294 68276 92120
890 48710 84352
546 54954 69936
438 67551 74883
964 404 42371
463 87518 91648
748 68038 89413
122 51798 56092
863 69552 73270
90 46465 50847
237 76192 79389
163 83339 95713
863 54888 81142
37 88039 5163
754 81464 32487
156 3302 52052
643 85490 92063
842 29548 41612
402 4448 50310
416 31451 52965
824 88632 97757
841 1569 10292
844 44926 74473
540 76549 80996
915 19183 31254
425 15346 30750
149 99125 99735
91 89576 74714
972 68181 98205
452 60210 27378
812 96550 34422
889 748 24403
551 78462 99145
834 18950 21297
557 21569 75445
793 57223 74211
743 35591 56404
667 71322 89998
142 39679 47721
256 13185 87517
805 58616 92672
86 60916 82908
854 50747 82810
27 81640 88835
223 27472 29051
167 57156 71939
419 3063 41583
580 25121 94213
131 68352 71480
600 27848 71671
321 20055 93562
352 77880 97656
242 44965 55591
943 70825 72215
233 11097 34382
418 62229 2758
151 11583 13481
500 5590 91361
250 15889 36301
823 81265 85391
347 72567 97276
538 4801 59079
786 43395 33411
466 1304 93694
517 96828 99943
242 76725 92097
832 68743 39613
435 16929 95987
203 54363 66785
862 83503 97156
886 24715 64327
36 88663 91915
365 70459 59410
701 83454 50662
271 96797 99598
761 64782 94645
937 95890 97506
426 10984 56686
383 60147 74472
540 96612 99613
650 43669 75119
424 23124 74682
819 72415 80348
166 95022 20322
864 37253 57641
743 13673 16099
535 91782 92364
934 6091 22189
284 10881 94114
535 24368 67389
878 11898 63554
636 47620 96606
618 63463 73352
259 17042 19683
582 30032 80357
788 13355 20326
243 90161 98962
517 48408 76042
885 34677 65678
911 46809 32055
560 39151 53860
876 10224 80467
300 86979 16378
601 29569 94328
168 96702 70369
579 96486 97725
999 41758 71435
848 56305 68870
94 7661 69578
618 21961 26296
125 9109 79734
666 60095 78027
472 89639 93156
357 83932 93040
898 56258 59911
774 8199 26973
742 62489 65231
6 37751 36843
529 71960 72783
588 51660 99910
769 40177 48250
258 10070 33655
456 69134 28436
121 16373 40112
491 14272 82154
935 71288 96806
637 68531 91260
935 94584 94626
81 20279 32029
474 24708 35835
911 96169 98103
241 54034 65814
282 37518 23373
149 5639 56212
447 28699 68735
276 31568 93962
190 19675 37392
742 72546 78245
495 62659 81915
218 29998 67001
804 59154 84243
872 38381 76639
305 18845 73532
789 502 50209
542 1514 44592
965 12968 88473
677 41560 10164
111 94406 96433
404 66993 76484
566 35067 21900
368 97313 97496
879 30665 10280
143 65408 81818
436 63791 77455
986 74546 88820
632 63341 69716
22 75460 93842
336 52837 53632
491 81282 97209
385 39469 92746
97 33451 86587
541 45835 63327
330 51472 94896
464 1321 44694
764 58934 68951
646 16410 25507
83 52486 55125
892 77110 82232
446 63591 89977
147 30529 83015
175 99845 99883
408 83295 91559
569 69298 96027
718 33575 50607
939 58804 78986
333 70164 6761
52 61865 89150
74 19094 57445
5 53579 62221
689 37061 87071
191 64422 76442
72 67877 81825
832 88663 94313
1000 80318 75086
211 17724 68523
675 94551 94579
561 32364 57670
758 27733 78572
847 60499 90965
87 9482 96250
762 74279 94693
169 1264 89616
598 23817 27920
648 47460 92916
951 50812 35413
698 92840 96630
812 35680 86491
154 37095 96493
216 582 83315
565 40193 86504
979 82065 93997
468 95153 98600
209 97316 18252
34 2651 78384
478 60674 90415
91 90986 98553
712 84696 88445
793 21448 43854
636 70567 89583
161 91183 96702
302 38422 77005
101 8459 87532
954 48113 64584
397 34964 90099
192 73984 95289
498 66912 79966
939 46580 51339
307 80513 98401
62 85933 90151
843 51990 48926
404 51373 57823
148 6524 18164
113 21383 28133
226 69038 18075
10 16476 89123
214 79274 70123
557 19049 86773
966 67106 73629
173 98434 8145
886 75377 97946
663 37936 50902
700 40024 61060
685 83263 88007
51 44178 69786
226 32115 36788
696 20196 87449
33 19697 25570
172 33197 63610
240 79735 80527
97 27185 54536
916 38592 55870
981 75576 77297
827 90139 99872
413 46570 65698
337 44079 80252
537 62915 63613
19 65251 92270
260 41603 65653
14 81876 83488
435 59107 69829
339 53037 84802
719 77072 12640
209 34410 73373
114 92210 25990
209 83626 88680
469 70405 83044
200 80761 87214
326 89721 92627
165 13425 35111
592 24637 70286
782 63944 63986
30 38824 91214
19 71450 82689
164 36184 93103
869 29401 70389
174 57870 90090
178 41808 90911
606 65843 97103
838 14606 97294
907 9143 24709
21 99054 99855
27 11230 84488
241 97826 98868
654 62873 69038
580 80527 89663
693 65339 87683
795 29503 61363
910 34372 75520
519 75696 77741
768 9334 93937
645 41658 93852
827 65695 56133
694 49811 56548
315 97586 7271
104 82790 91586
24 95954 97071
531 28393 50448
469 25238 21875
520 45498 93021
368 87429 73085
715 71980 84285
2 36992 86174
248 75684 29206
341 28371 77347
912 81143 96219
857 9045 21511
383 62196 71466
926 34725 70948
101 68657 98809
789 84260 96830
955 37784 85083
719 78795 87928
653 64415 86736
264 20343 58568
844 63290 46970
962 97567 98897
45 78519 79011
381 8557 31876
305 50810 85688
992 87918 98773
406 52922 68171
727 98858 99851
884 55887 2293
248 24997 76107
107 3681 22392
689 57611 95080
959 47342 79251
116 71418 86012
332 84748 85338
123 75670 83815
765 31954 6628
79 75144 26318
93 27417 50908
137 90821 95685
25 89549 99806
198 61408 59343
241 3564 89284
405 82401 90495
180 52925 64962
574 37585 64767
519 26174 30251
689 35914 39528
699 10478 33962
877 39761 88900
856 88177 88840
897 31253 50647
742 85773 99638
774 75436 91070
163 86535 89636
947 74910 75711
615 32746 48107
933 38494 87720
158 92254 13253
199 25894 69787
541 40902 36788
404 5913 15326
228 41084 34097
698 83195 84263
319 68653 10157
565 79943 91611
911 33653 7164
631 84636 95278
515 5296 61223
738 94405 97194
547 20272 21408
470 76574 89099
676 48252 69090
250 92799 96076
340 52525 90797
200 77320 78497
22 86468 94277
464 25818 26005
851 52965 83004
827 29658 52503
362 38666 85575
834 24616 87905
770 35408 43504
861 80436 86960
116 653 61291
235 81544 74453
239 29471 61807
32 7083 11339
50 81927 63099
486 6602 94805
406 85244 97083
203 14646 33698
96 54179 96548
205 12027 20132
136 89857 96459
664 64519 97315
576 76391 61763
457 76408 4973
161 75451 5534
553 37871 66250
231 93264 86381
278 69586 71433
243 27629 50135
862 75923 78435
529 18825 65475
605 54671 91410
206 35648 73700
556 28490 79075
405 85752 96794
298 58937 77975
477 79231 59801
441 50039 57801
561 21734 95433
527 52205 77870
757 45203 58349
94 37300 48678
923 4409 65689
376 12094 38001
251 88400 47546
387 54909 29095
58 23205 41810
772 78955 83466
898 89025 90346
896 26820 28174
618 23639 43078
2 66518 71834
700 60996 75179
81 71283 81642
803 17637 97757
79 25234 56916
657 45101 90260
915 14558 23137
798 12942 73765
382 48030 83766
40 28419 37478
446 27601 72701
549 74364 80975
937 32485 55621
489 50360 45737
299 93767 362
116 39259 67677
639 27266 54866
841 14466 43919
2 58939 42747
478 75231 92940
809 1723 38928
824 18865 93535
276 40750 90919
794 34745 74838
792 57212 62133
995 22818 58035
338 5024 77279
506 18029 48153
82 57390 66504
2 47918 91959
985 52368 61154
728 31912 95209
786 12768 36192
487 68002 78758
536 78870 93867
273 18660 87379
719 46446 93006
14 20568 73111
398 53513 83049
869 38786 95270
764 5532 13236
444 73437 93396
741 87241 87383
576 43712 98849
236 94753 95564
475 89158 47132
218 90843 97205
651 84026 89787
925 44111 91293
671 91530 99431
373 42091 35974
744 52699 69656
175 60674 61051
852 12503 98286
828 49413 78480
642 25078 67168
746 68416 95764
443 16637 96495
81 39446 11132
131 17062 37608
716 57334 80214
310 59590 82388
216 40909 53755
868 24761 81238
522 14652 69716
747 8686 82510
286 50456 64989
726 42154 76575
155 95834 99830
637 93757 98238
474 8062 40109
803 57964 95096
991 39804 60097
291 21262 61456
946 16303 21923
39 68346 76407
907 92479 96544
770 57424 68047
905 6464 99222
735 79200 95354
155 81818 85474
258 4335 86678
815 95308 96658
827 14438 90260
72 73601 80542
156 1564 56700
799 58400 99466
41 58093 38219
938 58790 83760
827 8326 44901
538 26921 70172
909 61442 85989
802 24208 99349
878 16221 41083
183 90386 96802
721 48072 18210
283 6717 30495
442 61143 69826
491 77677 84414
368 57524 64405
308 40292 78233
986 71654 78371
354 69127 94634
411 90759 96088
157 6708 37538
340 36496 32260
428 57476 59352
623 70719 93933
504 48243 74175
628 24946 34672
997 98227 98938
87 33157 94102
439 71585 94159
622 91483 91577
443 25939 70461
853 27323 61549
181 77537 98060
288 32380 40214
152 7503 69756
589 43697 49578
105 7112 34435
250 42317 45268
765 85326 85359
412 10364 87187
654 78966 80630
313 21672 80340
513 14406 26787
624 16314 87633
293 7877 98680
624 42208 76338
79 96355 98516
186 7909 52905
754 37556 85963
58 1140 35661
920 7993 70615
715 36327 58061
417 5702 15270
702 10609 36546
241 89490 91804
340 17643 53303
281 60424 92947
485 47276 88153
80 74644 96003
739 3689 73343
937 33056 13612
795 6558 43733
60 62202 78171
872 51058 82699
228 72949 78415
700 94441 31671
747 21103 36296
28 91045 51662
378 26401 79801
716 21485 68165
343 35574 18021
716 35430 56527
563 80350 91665
823 22683 30079
278 83556 84841
844 1166 19186
583 90151 90852
599 15165 51470
642 30511 80760
795 29380 56872
553 65545 78855
563 58664 98467
439 70371 81616
360 19993 66855
277 60797 90176
713 92859 98730
457 53609 20593
716 51671 18742
353 69335 83614
614 90287 92671
293 41382 69819
695 76347 40820
435 39262 97939
87 21150 39891
738 98186 25578
95 36357 42995
983 58085 99466
520 81656 92753
846 4378 68172
208 27965 81931
649 29179 35018
991 34468 65347
406 35133 49666
207 63564 70003
169 59231 75693
331 92832 95310
584 91081 97627
861 53060 55969
703 86788 98975
237 9017 23355
108 84474 35074
246 26155 98887
964 96514 19623
686 55026 76585
914 36630 14628
928 1415 79546
11 86821 97862
819 41915 96597
566 39242 72283
503 57324 95160
659 30102 12927
840 92472 23129
823 12410 77232
710 60783 93528
102 89949 93897
946 37609 64174
197 9627 66828
260 91338 97221
940 14719 72097
450 92318 98180
66 63075 17559
701 43538 55572
657 49758 69747
291 5677 36747
827 78413 87083
852 87371 91149
580 8815 68591
130 64430 83889
15 28378 63238
89 69302 66129
166 3733 43788
307 61128 83512
699 54077 59660
61 91763 44602
111 99621 99831
494 87732 92608
353 33655 73041
32 24874 22602
509 48468 70405
358 14911 66436
733 16257 28427
749 62824 39080
60 81597 88291
193 84541 94047
123 67366 99974
604 17861 56940
523 13118 77074
705 54970 85618
570 85673 88392
555 56872 34299
389 63729 93509
149 49364 84660
330 63269 77083
506 8871 21760
643 31522 88394
139 43957 60647
52 34390 93663
743 60215 90673
195 2669 58957
645 98562 79973
612 94687 97425
112 1530 12569
41 43316 77365
606 83985 92028
435 14234 41181
320 78536 51436
993 9226 86590
50 36838 43690
433 4418 70104
788 73570 97239
190 23602 71040
781 25498 94498
192 33316 36692
819 76856 92711
952 22338 54944
612 71067 73364
766 45676 63955
753 66974 97344
523 47755 73470
384 44203 81055
59 26476 32720
459 8452 96674
944 86125 15240
61 64834 67471
20 27179 74933
589 97606 98354
663 88338 91884
494 7196 22435
422 30489 87268
653 71090 72403
832 97300 98995
623 37136 61873
142 60481 87616
492 47702 80568
281 33749 45406
811 62107 90767
445 41029 74320
155 75872 89394
816 95480 98071
227 48092 64121
192 72341 92461
392 68944 78426
675 74761 95457
464 13694 86035
484 81526 32792
776 99372 84514
514 43160 51302
640 1964 30709
736 47582 51463
298 60306 81508
326 83894 96520
547 61412 63375
439 6298 53879
955 89104 94977
4 57897 78121
939 63550 78057
903 67149 89220
489 14001 83995
808 79477 82923
428 19814 85997
133 54766 64117
612 20000 50575
562 34076 97077
816 51661 66942
378 7414 82542
512 87756 95618
575 21231 49566
148 86769 95652
917 63915 89421
82 8432 924
189 92894 95074
228 2046 58757
777 19009 71491
724 84288 10733
451 42541 66544
713 21781 84113
466 83952 90278
863 2674 90742
109 91045 82303
871 63385 86743
202 76989 86152
426 27616 67702
517 74356 93381
966 17477 39527
895 79515 91215
710 78544 68696
772 54847 59712
531 93531 50420
626 43800 64854
924 77421 89698
918 3845 82388
67 18639 68536
635 91046 93064
828 5052 97069
236 7618 54040
296 30336 50098
587 68736 81870
608 74478 84125
751 11955 77634
923 1604 71995
690 35089 64086
468 5819 55775
817 26320 35262
574 79416 60380
701 88686 98551
39 47941 78179
11 34313 52957
30 79705 83098
991 91697 94834
931 40749 89517
190 1026 73746
90 96387 97810
180 72256 41690
833 18136 73998
721 54728 65913
368 79617 80677
903 96520 98516
879 2700 76698
177 86596 87215
378 3778 88342
452 26632 58500
623 70572 80728
951 68669 87986
103 37074 97429
841 41535 82701
69 90228 97383
252 45629 52049
303 22279 62570
185 94183 99673
821 78896 86260
940 29131 67509
230 98233 99507
496 51212 61019
450 80219 91139
298 33283 87408
62 20374 25601
164 93391 97437
291 87820 99156
601 27463 60351
845 6538 80118
297 10241 48563
787 44470 62351
355 9422 92386
71 69610 77663
464 60717 97543
433 38837 87399
45 8142 40430
142 18801 15623
443 1584 86701
3 25440 86156
631 74767 96339
950 73866 74245
492 26366 94274
346 19442 62550
623 70504 78728
879 17713 75002
432 31122 88563
706 51926 79159
448 88556 95373
423 79524 88681
97 36052 74480
214 76382 83586
267 18105 54156
949 47900 64465
356 650 45396
66 47954 82436
205 40574 11721
216 36882 14621
866 28362 86170
253 7755 66896
140 90809 93823
353 38728 57250
729 71870 96159
187 54746 76970
823 22081 53419
363 35117 45291
51 16034 91642
777 31836 71720
328 26449 95973
804 83702 90675
671 55788 82236
24 65136 94561
200 67463 7544
458 79804 85915
600 95455 44754
946 51780 85881
34 9185 76647
241 13901 1995
476 90956 93124
719 3737 65179
713 52458 96772
642 86817 97256
698 77165 98541
6 27436 12916
199 45637 69314
894 29180 77042
804 16857 49727
418 24691 37362
271 33219 51393
67 25276 54543
612 38105 58331
458 27413 30620
394 61141 96613
415 9033 60002
70 27461 27746
950 97215 99545
281 43315 71096
990 82893 78793
115 8304 82698
557 8291 71020
168 90052 53864
953 586 41805
284 15752 41349
915 31183 95165
92 41657 49960
81 70402 78693
584 77261 98902
119 20017 51199
339 7036 65045
409 81897 15004
107 64013 66126
463 33333 44635
704 2490 17744
687 52529 52981
888 82794 85023
713 27618 81013
992 31326 92312
763 82002 86266
372 31852 69430
424 75170 83897
641 14166 96168
444 90600 27033
470 10426 13897
936 18283 50135
480 73089 35916
498 23288 75859
186 90855 91208
788 68893 99669
153 16771 81766
63 90749 92434
987 8230 53634
470 21486 94917
659 40648 49426
665 90452 94098
177 28217 37002
388 92614 95363
416 90562 96826
412 26257 96671
326 57486 73888
514 61389 67336
83 69461 67380
16 25067 44375
676 61456 81846
553 37129 63385
471 36723 94208
136 18949 26933
163 95370 95485
674 23573 58701
413 1653 37364
139 38115 56629
227 63167 68028
204 84452 90910
357 29777 72325
756 313 18317
593 64654 95401
24 55015 58871
984 14538 54783
237 54001 83777
716 470 50718
371 18103 91149
922 32402 34087
456 76960 89285
905 79645 85563
491 17191 17660
642 12052 84729
281 63680 88108
476 73704 38547
848 29247 50836
556 25937 98750
970 84313 71123
321 89221 36887
392 21615 85433
708 60914 79265
29 57685 98312
509 23622 56612
668 27734 33306
557 42667 60530
852 81628 91049
488 17725 18217
416 24170 8601
448 27423 90292
592 9715 27448
576 63009 18145
3 52926 57754
891 7400 47922
975 68989 75633
543 48624 70281
701 23995 60730
415 16568 37580
377 72473 77609
816 35362 44035
297 96533 97203
714 64182 96442
45 16592 95570
473 60261 50180
759 6488 8294
466 63395 81633
882 41240 71452
509 25154 48108
933 47120 60269
168 77989 26801
686 49640 57933
944 28764 51547
739 79127 81559
26 22197 69316
935 72141 92409
501 80130 82169
172 2439 6217
780 54018 84348
105 81985 50310
410 64699 97335
572 30213 36626
659 20877 77349
946 95520 97292
452 22412 62557
586 86816 5139
948 70290 83593
865 83949 90134
934 95202 98612
387 37670 59778
748 40578 82911
465 57125 83023
380 77643 95946
417 92829 97965
218 75038 36307
510 42342 63341
143 46536 81093
776 31304 31820
518 38355 89460
824 89039 90778
400 66763 91977
58 46238 63483
55 24736 28527
487 63127 93943
202 26989 78963
378 43848 86092
822 15461 23789
443 87618 96997
505 88102 97732
836 61523 33578
915 91755 94944
495 94590 97211
343 83847 95518
576 35127 79946
756 26658 87882
501 92432 24509
213 45792 98643
68 66482 73326
576 70126 81133
879 697 2554
472 6230 52220
917 89007 90816
776 96438 19722
440 28573 24116
329 5248 85456
162 62246 6376
786 7996 40963
342 72099 14650
136 15291 84130
782 91297 65598
757 69556 93671
862 26364 15271
676 26785 66327
10 44557 45242
466 13163 29980
34 64515 88717
687 25325 61618
766 79222 90929
37 60956 74694
665 14782 56159
7 68119 73187
806 96524 96956
764 67395 90072
482 70740 77399
259 83677 95378
587 8922 38278
135 82821 91420
646 91160 73855
960 17072 71045
4 98579 45097
624 70371 86199
173 7150 41345
863 91410 95141
461 56817 20140
831 22691 8366
509 47075 75253
18 50820 91324
761 7703 81967
401 71945 96715
72 65957 91197
881 51037 62988
799 50375 17823
348 8704 60021
456 67723 73264
518 73875 74872
592 96512 97673
45 91888 92881
411 58049 82281
267 37185 98208
214 23752 36220
71 92473 63362
826 21836 79191
727 28747 87190
531 69539 95716
223 60273 97457
89 11928 67806
176 73190 75445
411 78368 92822
520 42981 65901
883 4212 61617
311 55965 94727
895 26957 99374
612 89208 94635
366 79501 83818
872 46421 66984
296 4832 85872
553 94729 99830
794 37614 66809
643 57488 62202
765 66633 87817
389 83948 95028
529 7618 92762
53 68124 86886
928 50056 84281
811 11613 51875
411 52175 90910
303 85006 86825
631 7238 6854
119 26712 58605
729 275 61466
247 54091 89290
421 4930 7668
612 2272 20846
148 99030 15829
637 39418 41224
661 12201 37639
672 59758 61538
52 16076 207
518 91049 95575
441 1568 86414
700 34861 57988
762 27464 94632
729 66022 70122
539 73453 73505
426 36100 39227
605 26495 90113
548 10393 68380
241 5016 79363
857 61736 91608
13 54504 88011
141 40380 66874
654 70127 86324
134 91258 97023
57 72550 82669
715 24307 88102
583 69750 89910
331 91982 97096
450 45678 66845
350 77008 97162
935 45471 82729
744 79622 82755
3 79052 85372
673 12819 79663
698 80651 96689
731 56016 80057
323 87543 97321
354 90188 98793
612 96557 37077
960 7292 7763
871 11296 72651
549 95550 98901
927 99635 99973
608 31139 88778
377 39388 55768
784 59284 97433
63 11634 49762
424 64646 65822
826 90522 93146
657 60989 93603
864 85796 38182
597 49816 70746
214 60662 62924
58 30576 56439
223 58145 83621
485 93335 97347
618 80275 84690
290 22510 73440
469 15631 51116
102 54493 72881
163 75767 95679
455 42930 45210
240 78418 79466
756 68216 36953
568 52583 96571
442 16604 91277
604 83395 88964
248 34547 77477
475 90754 93206
567 48637 2587
522 1759 51151
302 90925 96724
695 73797 82337
947 35596 59476
262 84871 86038
221 79108 87029
827 65701 67373
762 77401 77704
150 53794 69834
226 63473 68161
969 5099 78985
168 33460 45810
990 91743 94066
861 97687 98290
263 11384 99595
72 18588 57673
423 83038 86785
228 90456 83964
403 97568 97658
783 39196 82807
753 15992 55954
499 93113 95460
56 34411 90533
677 54328 90644
405 23808 95376
265 19045 68471
965 17709 53760
78 78086 90792
654 53249 97676
532 85598 88713
372 12521 24248
875 13660 82130
484 16979 70738
678 58762 89616
314 5934 90939
771 31225 15558
547 46481 86455
62 95591 114
174 98595 98929
78 9135 24277
597 68199 76181
665 75858 8090
158 54570 58369
248 50363 65171
123 19294 86019
544 88266 98695
140 95164 97921
924 2706 32035
490 32543 80066
950 728 94089
771 41632 19083
673 75453 85517
252 3963 40215
376 87123 58374
752 32548 69327
532 33496 40822
586 28167 47249
464 88661 93929
557 1157 56277
661 84610 94694
634 37212 40585
184 66630 96164
829 33981 64982
882 46097 92122
921 93741 96243
530 62392 83103
733 12265 97964
999 37069 51829
808 75427 99425
68 64328 93568
683 85913 95004
23 58252 91112
551 12922 72293
248 14364 31736
970 25807 93743
169 64884 67148
249 80428 95215
629 99648 99965
969 98616 98815
808 50570 73509
370 41218 81010
606 2836 8270
378 83917 90603
733 39555 77573
379 39124 39187
915 27236 45915
720 9799 76568
842 30124 58794
716 98207 47725
71 87279 89898
574 59336 84559
578 27534 89801
180 34165 47216
320 39793 71896
679 24237 27867
84 55846 88928
332 43265 44176
549 63462 74879
329 53231 46122
189 47489 64589
616 21153 93350
986 59871 63662
671 3767 73380
519 68862 71339
94 30696 84704
407 4091 63034
371 22904 42390
804 33876 37642
916 45831 11022
109 53984 97392
973 18938 33306
688 81926 86016
613 80645 85880
858 95390 99655
819 19393 35941
159 51745 97604
143 13765 11349
318 64349 76090
50 9456 82453
960 98790 99410
238 44776 9644
173 98280 32222
423 78061 86981
171 53916 67289
662 36208 74222
791 45261 59892
610 62668 85539
832 51661 90865
995 29860 78576
640 13014 65573
939 55748 81138
423 16719 72946
52 5244 54423
261 85058 87793
735 62677 66368
462 28584 47075
26 75156 77002
279 25105 47773
748 62157 32830
205 25765 82765
756 3134 53339
724 24860 78677
822 76115 99195
74 50668 92548
612 91144 83418
665 61926 82239
473 32441 77327
413 33739 85420
554 76530 89888
158 97798 98464
749 17343 19464
260 13406 42837
884 13020 81258
644 54557 73622
195 77125 81044
807 63580 82520
796 52829 88754
392 52298 54670
588 69539 81961
411 10753 37031
537 85707 92262
10 67430 91377
995 37715 64819
660 27667 78562
81 38889 92346
474 57272 59922
510 97685 49056
514 66481 69013
212 80836 94209
147 30535 67087
274 2126 75750
559 92594 95210
512 83948 84650
738 82061 37272
401 55750 2155
938 19748 86732
664 49463 95277
141 46301 94177
525 60254 28619
737 41016 61265
134 26670 28824
830 4650 33672
448 56688 90097
799 15473 52750
138 46926 91896
289 32502 96280
716 64456 90562
391 7921 64817
362 50700 55694
730 80950 88585
353 87906 91776
76 72583 79746
611 513 3193
764 51218 80567
957 66734 70288
951 43845 98839
645 65817 73088
633 39728 89544
833 52271 61142
544 89585 96116
474 30969 97117
833 7202 94777
916 37514 2947
69 35481 69386
4 2347 32524
788 83351 98001
351 50578 98387
921 63526 88750
44 58918 94398
67 45169 47515
912 4800 88150
248 66717 89178
844 248 69990
645 33515 85868
960 12338 70727
509 50468 50861
24 86874 96180
736 35905 81661
39 77180 94923
644 80790 93127
10 29488 14778
991 65245 95930
254 49794 64174
578 53548 77089
310 36023 54268
48 97666 99871
713 67602 75955
639 51890 83578
454 11754 72420
578 8200 86719
593 22946 45743
682 76343 93781
506 28790 64815
384 54245 64744
894 78483 99310
27 5500 38976
174 12970 38906
601 51706 68702
49 32929 97672
630 31922 86691
258 55359 60858
774 42096 55065
856 59306 62255
263 87067 99815
405 69428 95094
591 92520 93607
156 60199 84214
319 43519 83837
574 36085 51264
296 90980 9779
977 21224 88028
175 45524 55008
776 34098 93968
868 16225 16092
249 68528 71241
634 40464 85593
540 22974 71366
568 4743 79956
453 4982 37558
861 87541 91707
932 40766 56190
499 25728 60674
862 45623 83647
55 71364 32780
868 58630 94800
783 26561 91310
528 65759 99785
906 36971 62699
110 81010 91555
411 78757 94321
525 72461 85630
853 2325 10240
508 43033 45274
758 73305 97001
504 2869 70628
697 42683 83282
709 2417 73124
229 30656 80589
627 92885 94917
403 6786 48008
604 11235 94516
979 32136 62967
952 70705 72702
263 29774 69861
621 69520 70337
421 53006 77676
822 23104 93573
990 91395 92467
930 10734 30593
842 55015 57710
37 79992 94860
803 40805 44614
339 24888 57450
30 65706 87177
541 52011 79200
544 58257 99061
504 27798 72412
668 12184 33207
919 72923 15218
694 68594 96032
204 4401 46095
828 40004 40479
319 37380 81529
516 89566 53940
558 50730 66281
151 66524 97766
678 45222 51708
734 4710 74399
739 50773 84135
55 94093 64374
15 74337 76740
477 44197 59509
374 10021 14730
547 91603 98052
502 15777 85254
786 31106 81702
341 41028 77519
282 4992 98161
111 3640 89405
563 48255 50410
148 91050 91407
854 93399 97167
902 64751 68391
92 37857 57795
960 50962 76523
527 61842 66332
540 68756 33140
843 83378 90665
546 60390 71821
250 3091 97722
959 9044 23423
27 20648 76013
639 69855 88594
292 67205 83211
67 44107 47197
418 17687 26730
528 44079 81078
483 55387 92279
107 44874 67695
411 54286 98392
205 99897 99962
436 18046 94581
81 28743 98198
908 596 10247
571 10723 30225
494 18046 87929
459 33132 91424
363 73071 99962
307 83229 88356
307 74187 14954
291 4965 20229
173 38275 6494
512 10774 63413
37 37075 95229
718 21050 64544
987 62719 95645
97 32177 52406
196 14803 94503
22 45657 74268
895 11342 93092
337 30493 67855
181 1569 23026
283 89007 89941
303 48491 80620
343 58325 73559
638 88528 96122
310 2704 20624
31 88767 60001
516 95023 99285
473 30850 90479
86 13874 95597
573 89722 89957
970 28847 42902
928 71527 86589
353 54780 73120
59 31804 44786
468 60101 99404
756 73131 88231
549 13024 23499
610 53716 92057
838 32762 90202
900 20336 54334
650 64926 82191
885 34692 71343
633 82697 85530
939 73030 18292
218 27506 56213
276 97719 97882
470 63875 76196
130 17103 30253
398 37276 81133
374 95396 98602
239 20115 72072
208 93736 98607
887 80471 35073
314 7144 29422
698 34231 42677
7 23860 61292
800 32039 64832
838 36106 97003
279 54022 93826
839 91836 96997
863 4039 85223
685 6657 92420
848 98224 99621
134 55964 74216
591 15072 28830
844 13631 99388
489 36571 49757
789 91631 93096
869 12221 81884
937 25145 78525
405 22909 59480
986 17181 27313
661 35369 84096
44 65128 77348
686 40197 65341
257 34330 78129
647 3954 29542
982 26705 35859
546 71227 7011
874 40738 87277
847 48803 62859
886 51748 57140
369 97289 98770
543 96027 98749
58 9461 40241
789 30597 89322
376 48949 78700
90 99223 99517
673 47777 53706
134 80774 82022
626 54431 90839
76 82632 33972
395 55955 80684
776 86967 94149
28 47988 66053
888 50570 77539
930 40390 84409
311 10924 83230
395 50643 68629
200 61841 90745
213 13092 90630
879 20874 21634
492 12769 95998
540 66730 83268
774 67007 75906
667 42706 81486
894 18690 30444
737 59492 78392
623 3515 41295
247 58284 84535
249 77739 84133
845 93390 1118
188 38976 98468
134 63574 80563
753 88421 3425
383 61709 81089
602 4919 5404
185 23297 61849
209 81999 85800
120 24901 90056
696 24761 8058
298 54316 38969
636 61842 61733
708 32950 52724
533 39219 76494
775 65697 37125
552 78377 24451
879 53098 86663
71 63509 77159
815 44222 99792
682 21555 87251
882 82412 89243
728 41484 33451
964 10609 73195
53 62065 64546
761 815 25304
927 99674 99845
583 48102 62975
507 58123 63735
559 30451 49726
218 39096 84945
197 45593 77505
404 90138 91202
659 81921 95953
612 42227 78120
74 85223 95714
443 79509 80990
129 8037 31521
670 25114 62953
200 755 78875
166 72101 93561
841 82886 94951
646 66962 75941
62 329 17361
145 51412 76403
315 69966 97558
402 36004 95594
659 56737 66359
853 94019 12876
784 62853 21352
897 74282 92529
821 66257 75392
921 53830 80019
119 48821 49724
96 44406 60577
417 45202 95313
118 16931 99539
719 18203 88385
368 74863 54159
112 2979 26286
173 92361 95727
440 72737 80318
326 12557 19147
283 63156 66125
549 70210 95931
218 51069 60539
180 66885 87257
769 59618 96600
953 42903 79077
167 33333 51730
544 6337 27144
355 72445 83257
858 28233 79856
525 75284 91568
129 92637 96343
465 24881 64120
535 46654 84497
624 26117 84345
275 26369 94545
883 94673 96257
780 47433 58329
983 59809 95713
287 41028 47556
351 67444 78555
78 57314 60313
528 12453 6032
705 71169 79939
995 96902 98532
947 57304 81394
562 13628 80580
842 71399 89410
466 25116 92817
679 15914 57418
598 99180 99371
935 73086 92657
95 60775 84991
953 97234 72912
218 98949 99087
293 80452 80942
26 45581 92431
108 23240 97699
43 19775 14665
988 14830 90274
72 5238 99036
336 45773 91261
862 47542 74309
146 22488 41772
45 33422 76523
620 34916 63307
74 69997 77609
924 14414 51635
176 15628 45627
563 67206 95401
145 71923 99433
820 38890 53438
606 31796 39353
509 51119 93165
919 68642 95260
777 33783 66147
895 6080 23322
66 76508 78039
93 61442 80629
232 41695 13031
116 19678 25757
17 24248 58188
986 447 28790
976 83171 92485
740 40703 94100
200 64562 75023
129 18928 24275
713 37034 85014
795 62540 76911
171 84234 85748
178 95031 99864
803 81303 91974
474 90234 99000
471 28133 76517
739 39764 93870
884 47004 96007
127 35369 43223
672 41922 44594
480 44744 71552
654 87474 96987
945 68624 78545
989 57176 68890
466 88374 97537
801 48918 52014
127 23150 62777
944 43884 99233
912 21071 99227
130 62271 25910
588 13480 14925
365 38633 65847
793 4535 79304
562 42080 13791
292 13023 50445
764 6406 68676
135 26811 42328
347 3519 91504
257 76001 98403
640 99791 97818
62 25036 39952
823 29281 45331
480 42976 73597
62 93468 99375
765 51209 67259
72 33959 73911
503 69924 91136
142 42206 54831
440 52225 58086
183 22156 56114
800 36090 55158
21 13501 47612
609 8861 77736
667 97677 98941
711 48397 90093
145 978 47353
88 52662 18863
567 60837 86787
335 21889 29245
761 95632 98005
888 65587 80978
346 15596 97499
563 84521 87632
512 24180 74651
967 62349 86304
381 69339 80086
936 1023 12033
740 9531 68978
891 61246 85425
402 23314 85663
646 43148 83490
311 578 36299
68 67304 69349
522 54 70685
937 74196 51227
65 50727 90393
804 74312 94950
962 11403 82168
949 65823 24764
803 41169 54429
231 79431 48529
144 60757 99618
770 75949 81785
205 47607 65607
6 22537 84916
247 81180 95083
32 80092 84760
93 34601 84377
382 66161 79851
762 72126 87738
695 99686 84181
947 68940 80298
818 8418 97771
423 75629 82914
90 96413 34064
141 10940 60485
531 13068 29425
955 82740 90317
526 38748 64674
39 7325 57740
508 23218 68679
871 95655 98498
496 48292 89359
82 2632 58653
404 87181 90169
686 31307 75809
110 89402 93188
99 38357 60606
142 12107 14738
446 643 87823
685 7000 38307
765 11190 30467
180 34361 89435
74 66918 70476
331 2002 18996
361 15749 39101
911 60209 93759
827 24225 58586
2 28849 29639
479 66884 77061
407 10143 42244
956 24931 85139
701 13704 44731
646 74263 99895
520 47149 68856
293 84096 87999
662 85205 92335
226 44602 67381
359 86046 99116
782 85829 98967
995 19296 95953
928 78690 87589
340 90672 94255
808 32176 92933
33 76551 31867
788 5810 56046
167 26537 79107
319 15738 79898
128 14261 24867
342 50897 85253
844 75617 81549
592 52159 95047
354 33821 67674
185 35866 45287
357 7569 80360
749 47608 49213
770 35858 74996
281 47638 95397
247 32707 66527
170 89415 99002
795 43040 87632
381 47589 66813
430 57163 95581
50 70890 7329
571 40035 68060
968 73785 96777
239 11792 56168
439 60151 88866
375 96097 99005
240 99795 99961
857 1201 45933
479 67814 82528
828 98867 99463
943 66556 84109
634 3046 87211
882 54519 80027
919 21575 51019
925 13975 56601
518 50028 62080
730 30053 45828
741 45101 91493
494 9775 89801
160 36972 99224
868 45893 51686
642 64634 82277
993 12329 74508
324 65164 73009
959 97046 9772
892 74321 81477
455 21894 44097
95 26122 76959
342 12833 71205
249 52264 69379
852 58739 68511
131 88834 98098
347 17552 71267
821 2357 13740
265 7050 94606
259 35737 84445
650 38357 50345
504 82401 82373
363 80471 97252
830 83082 90131
116 17716 69805
2 82300 88160
38 57050 69409
474 57865 69431
832 47428 48516
266 27853 82101
365 16567 5158
594 78559 87066
295 77227 91790
529 75608 40306
210 53130 96738
939 50124 91058
545 75577 98947
251 26080 43309
105 51451 91756
362 71762 90027
973 6685 12918
494 26046 44263
952 67133 67815
247 6200 74002
531 63838 78866
809 70305 89784
822 2467 24616
575 2097 48636
954 29736 41624
630 8681 77599
867 70643 89536
932 94468 24681
186 79185 48974
609 57074 94518
17 18880 52493
691 90657 93287
625 96513 99609
928 1015 87960
420 85381 89204
169 32455 90844
758 3884 16748
386 64146 79547
93 65258 91964
586 65423 31427
548 35310 52057
369 76397 86856
355 62916 89721
949 15596 97205
982 47652 68516
234 64038 3825
639 72234 90476
447 859 87715
770 13731 70143
304 72717 98163
405 97648 98218
847 77231 85336
922 56961 65793
421 78928 85428
419 2599 97661
992 67231 87277
614 94679 82668
328 18102 96023
534 24870 86763
869 76078 85821
189 31844 89162
658 22292 88047
87 31140 75943
844 44459 57840
730 36550 85823
598 82711 84883
710 77715 93286
135 22490 90533
47 34275 60632
832 75266 89025
803 32118 46001
137 96867 98265
294 65379 85538
305 8604 13293
620 18217 58576
686 33380 82233
250 12343 69642
428 77380 78909
440 89120 90644
465 26139 27848
459 79150 90432
703 42254 43323
781 30416 64762
62 42141 21623
628 531 48187
805 13717 15423
440 89550 51697
983 46547 88800
233 73462 94903
302 88179 88940
168 25091 94092
211 23729 52843
93 71318 72534
953 49979 64276
950 67282 84021
838 15124 40214
940 14619 37776
809 23617 90619
214 64343 68559
678 80014 35841
186 93819 94191
195 7825 83503
319 83257 90388
441 63417 64222
696 41812 63938
275 40610 82057
573 38990 49533
217 61772 79038
834 23031 69738
396 106 69893
365 44114 53445
79 93782 99873
121 77038 90328
251 5860 42228
592 29488 6358
915 40284 39723
893 7911 97266
435 49311 40234
349 60718 73833
717 99721 99984
333 91832 37376
688 21210 68738
451 30667 62157
660 76586 75115
404 62400 63973
918 95272 98272
431 69343 95244
391 3820 64378
92 19254 45650
74 38519 75636
22 49062 86726
863 21228 46825
3 39050 55374
74 45543 65714
765 43466 62719
837 8699 84335
224 3389 52841
323 23417 37244
408 60085 92136
574 15054 57849
786 4291 12734
439 92598 96702
746 32893 54271
270 16116 92162
394 44144 44764
67 61659 97519
165 16953 33359
31 14201 27254
766 90037 98826
239 40690 93194
376 85355 98459
964 96604 87155
324 44298 93886
637 94993 96486
111 43782 47715
100 71534 72030
655 6363 31246
458 38767 95831
662 25669 36827
885 17016 91891
763 15723 9976
886 97862 98616
17 30367 52811
297 22343 57439
76 40682 63363
323 20242 43448
441 80912 87312
745 45161 84477
133 33604 14844
543 31046 50844
748 16208 59381
164 54725 93487
469 97157 97536
454 91284 95096
524 55158 2973
144 90563 91059
872 12889 14173
707 13841 85891
985 89288 98620
963 66552 85467
435 4474 11884
79 71608 85780
604 7095 99600
865 93571 95476
101 356 92595
156 16838 66241
718 26360 71009
346 78240 79627
797 66694 99883
634 52598 67984
668 92934 95574
831 62465 78501
511 77962 98271
188 19234 24705
482 26231 86169
728 1444 80260
270 82849 99088
335 29529 73663
626 52434 77875
754 13460 38165
498 37081 39601
736 40092 44908
790 18675 34115
319 39088 43144
537 2357 89892
404 91304 96967
955 91635 98931
885 41899 44255
551 86656 50498
642 25169 36339
381 75545 81746
88 57495 82068
167 50604 92502
880 81238 84246
608 36265 89908
993 67260 42599
229 32031 38461
792 97476 98625
842 96343 97586
540 72309 80926
827 69304 71144
535 49641 66491
499 39751 66832
446 63056 91204
997 14797 22812
798 77557 11472
187 8749 61895
162 82465 45517
606 41779 71890
449 3701 66750
546 74305 98565
791 95369 92473
635 18139 13184
534 91430 92312
83 27936 72155
780 33323 37758
785 86577 67293
664 58722 95667
580 21542 66333
243 51266 55925
903 73505 95602
123 60937 95723
916 3303 15322
709 17495 6063
661 38199 89464
844 40024 49392
134 70370 87921
652 16343 51950
561 52240 19944
657 32249 49743
460 5278 33132
290 94843 98258
902 68298 86502
667 41601 84845
582 6985 56468
666 86324 64043
368 62854 77881
224 58036 10915
237 37388 53850
102 11802 46198
267 31042 36008
23 93313 56780
249 33380 61756
975 62967 68113
587 57777 85224
726 62616 76124
618 40176 71601
409 96339 4980
804 83087 22513
765 97659 85766
967 70231 92082
68 6545 54317
937 31892 33131
68 64304 51948
726 37938 61433
585 56673 297
900 14308 61500
337 42462 89365
587 91383 93163
367 838 1034
481 92482 97842
292 4048 49614
957 11267 21252
582 92548 98093
257 60829 63518
991 41212 57160
600 2646 9998
256 73208 73513
453 57323 93849
478 53203 79837
435 28933 86497
523 27527 46524
540 65679 77786
477 28751 32315
604 87841 98672
462 80893 85284
40 94218 10262
989 98103 70064
236 92501 94337
933 31953 40806
175 94714 98366
512 28983 40248
370 6543 62139
675 81716 84605
406 89667 93399
375 65735 80774
248 19635 77944
400 76215 10346
471 35877 68926
459 58270 69510
992 19767 48225
414 42247 38821
510 2621 78835
302 24325 61601
44 84223 87853
115 54612 8941
85 48945 89621
711 4053 67362
748 3388 35066
899 95850 98059
232 6610 6994
370 54260 77795
225 23259 33823
495 63265 91241
835 92209 98337
566 57260 75009
710 12808 63437
558 97132 98695
956 90267 99902
345 61301 89572
516 25470 40217
840 30483 92466
834 91531 96517
49 75312 97449
70 41074 50345
34 9163 91846
801 85365 21363
277 59697 23817
355 59877 25567
656 57451 83983
586 93850 7313
566 35931 69100
748 48923 82924
285 30871 31896
887 73176 37825
274 67530 85672
345 44129 80060
425 51808 60984
990 99396 99862
475 87348 90346
90 64656 67773
305 44584 78579
634 7562 36871
444 39814 78268
201 55171 82905
967 58074 97982
128 7592 60916
398 81434 91057
804 48662 55934
293 95514 97855
353 63474 69353
909 18511 95025
948 29682 80534
375 43902 88139
777 29968 44174
463 8279 47889
735 53482 91478
38 44141 74346
406 63764 84741
696 69249 93409
232 5202 47394
381 1428 52007
629 33087 70598
572 74896 79316
725 45530 79085
495 64814 72636
917 73520 70244
308 33305 54358
127 85162 85227
152 51897 70097
390 42196 42904
163 21 27405
539 71522 34730
83 5440 25868
897 83730 90131
927 31865 85750
857 14594 49237
483 16015 37806
60 60154 63673
458 60137 62969
587 15899 84768
545 9598 41923
182 53723 21782
336 3066 19080
733 71322 97046
81 60373 76271
344 64767 90716
603 98143 99988
978 16458 76471
619 97664 98719
534 46889 99113
764 22877 51544
596 65499 97204
328 3084 36407
407 9536 52728
607 23699 56301
19 63526 98958
249 72503 72891
288 36557 63454
152 34505 87263
388 78875 97520
480 10771 26968
662 38048 59536
28 34596 32427
88 83202 84590
263 5380 18529
511 48223 89471
208 80607 89059
133 59194 64947
618 13725 96926
869 48602 49543
841 43315 61843
387 32313 54537
820 90704 93966
145 17720 87042
669 18551 17034
9 27633 45550
986 67305 85175
430 16957 37880
98 8798 98909
462 80819 81473
529 23337 87866
478 81159 97624
678 93738 98017
766 3702 46418
853 11342 41718
154 66485 96964
915 21570 61518
623 57773 99178
861 41795 97091
770 88382 94701
772 98071 98906
945 91807 99985
915 98405 37758
330 45633 65763
793 45960 71572
195 61292 88699
862 30455 87604
232 21173 50694
619 83228 88327
243 36656 97947
675 42588 47638
305 35340 57600
605 55788 77760
614 64211 75973
387 11796 16682
848 97584 52021
680 25973 66816
780 76537 23590
523 1349 78429
967 17774 93410
40 52179 80326
447 96633 98108
836 3544 15809
483 94237 95818
461 72015 85373
681 97614 67104
758 74807 80137
525 75549 95117
871 37714 68305
995 97025 98864
180 55671 89369
720 66102 21641
633 25918 72894
601 76370 91683
66 85494 90200
954 97064 98037
915 98929 2789
558 15190 16959
620 88871 91935
466 58777 74057
261 17282 90620
775 57610 94803
159 53078 95951
476 63045 35671
595 94004 98264
77 1639 58696
217 7405 39975
983 51932 66002
111 97958 98360
871 80894 90683
272 67733 86933
905 94337 94902
535 60430 98855
393 13164 15854
86 52512 85814
345 82 7117
619 7002 77638
705 38510 68568
310 54308 99515
618 72664 79291
613 83328 86396
813 57934 72017
156 55173 2731
571 46609 51207
355 60833 70455
141 6137 65286
884 49649 2132
181 76417 89749
115 30426 49508
738 60086 71241
143 15986 73463
448 19768 32982
335 19888 96305
246 22593 69370
371 82826 98842
996 58985 95104
118 85283 96508
743 16396 83397
822 29915 87996
736 55651 74180
630 11751 19533
367 78517 92616
655 70127 86522
648 62150 15573
131 30677 85377
310 98967 98993
208 63984 84768
419 63053 63989
963 78445 84473
197 72459 48456
943 21406 22874
564 5133 59556
218 22609 58298
529 92729 97416
775 10663 98241
309 63048 84454
398 20416 41900
427 87145 87160
380 51273 79888
941 97740 50365
837 67230 94244
731 87725 95834
517 59413 67797
20 9623 97516
345 31816 70689
673 73235 89664
365 59919 23778
370 24608 99553
85 36352 83701
432 26958 99537
509 90060 95327
471 74081 93452
85 24361 79802
292 79909 93681
51 38269 84526
628 7660 19338
17 10777 20580
558 14458 94259
387 11471 42867
827 25444 35476
906 84120 87320
892 65448 67496
729 38079 68888
680 61335 72806
964 7672 49467
353 74182 98670
130 80006 80569
191 80610 80934
124 63124 99797
752 60532 72512
999 61543 81071
193 78142 61680
780 19975 67428
332 36405 49088
761 77392 63065
911 25429 67798
362 58698 60356
526 94922 38497
791 72491 711
881 68138 80226
567 31380 59642
730 1422 69219
114 82622 87697
142 91931 4759
348 72896 25273
289 79262 86511
850 85837 93025
932 6531 63701
98 75731 91584
810 40150 85747
856 10956 23400
695 12674 82623
219 13781 29377
728 30354 42885
547 74253 86124
756 28947 36375
529 77913 90587
536 53572 83704
945 51522 81875
24 35286 65671
949 60947 87795
393 85512 87655
82 33216 89252
821 92548 92631
148 66876 93857
737 16317 60502
484 86760 92794
378 57968 91596
979 48123 54044
726 5886 29654
908 34837 55621
226 53517 95766
757 54737 70053
147 5972 64951
393 64697 78309
199 58013 72605
354 20786 77677
853 18635 88687
422 30659 95609
290 32561 82465
27 98818 99673
220 29614 44876
371 76735 46452
736 56542 87264
134 11927 81130
150 12240 58965
619 81138 95241
129 20587 80513
172 30887 34502
272 88970 81896
271 75351 78446
20 90796 99090
658 84708 94634
905 18848 63965
108 43714 73052
586 96256 98021
329 96223 98451
92 7759 36454
894 98812 99410
914 94164 96800
943 89508 94454
84 34944 38544
243 68458 80332
921 71243 97366
318 50728 84453
522 51452 92620
337 42612 59120
446 89301 93807
556 65704 80848
347 33320 48704
575 8914 61516
151 29924 97810
901 56103 26678
717 6620 65326
796 58722 75822
607 45084 50881
130 66474 96398
28 44127 87156
829 10771 80390
169 11235 39111
391 63535 85159
215 31217 97980
74 57122 85869
297 45121 78322
191 38558 80251
756 74409 86534
909 22860 96333
775 84316 91812
944 35673 56824
199 12620 57616
250 36955 37220
825 66822 72764
75 19433 81572
585 43013 95037
541 47435 76406
469 421 74388
760 43202 96774
721 17758 52875
936 22945 70230
391 67970 59965
679 12411 64674
849 20150 42749
409 8885 43469
701 46290 49758
805 34598 68232
403 89341 96405
713 74296 93407
698 4041 64756
936 63712 42823
107 1914 58803
150 8072 65826
643 80715 95939
522 66413 81997
154 7711 72467
5 88796 97681
69 16078 30527
79 56681 63935
97 79703 66253
831 88964 92998
838 75683 98903
927 86916 97564
480 66260 85453
376 16976 27995
175 3246 43122
287 99030 99787
307 63242 74552
12 66982 99575
370 81607 92295
462 17729 30817
833 29658 45779
258 39718 82961
159 17354 65974
371 75035 82502
319 20571 54651
365 24573 54230
344 42948 99017
15 97287 38304
835 77564 95859
634 36117 68092
77 16682 27391
779 26407 64711
358 32148 58626
603 28002 88764
678 82802 95406
912 26732 63515
71 37341 64731
862 88680 96543
575 47177 76270
439 97241 99747
359 64019 79352
522 5872 78739
922 32653 64819
379 46026 89070
593 42568 72334
402 50128 80021
830 57335 63104
955 29291 90953
121 21783 27204
454 13023 46254
690 17632 91573
933 76163 95235
867 51997 59301
720 63759 89903
215 93437 20480
650 54464 93455
157 24263 46968
353 72136 92266
369 13225 19480
274 11325 56311
900 10774 73161
771 7814 59932
462 26853 64023
913 20909 95525
794 92931 94618
695 59608 92925
935 88232 92026
803 54697 80965
408 95594 99736
609 89019 94289
934 55154 88646
947 34840 87309
335 63546 70189
898 45728 78886
982 84256 85958
387 15973 70442
992 83185 99767
422 13637 53706
313 12778 9863
238 57781 59031
727 6903 39661
171 64229 99466
485 51111 62486
310 48939 50380
387 76635 77428
265 81488 89936
142 34634 41875
664 67947 78934
772 11675 65612
861 8007 78868
932 87664 1842
781 24281 96428
107 45881 73473
947 41513 76190
881 71764 77197
163 53656 90553
746 47440 88072
463 52548 89328
659 24526 81869
18 86085 91546
778 52512 85769
50 63167 54669
577 69449 90405
66 74558 74948
130 27518 89477
897 57887 89708
283 26740 34153
707 43213 58453
553 55539 99680
781 26655 70524
737 89842 60001
601 34693 46346
390 83549 87037
674 79922 89981
333 61871 82169
591 90000 92480
618 24005 88114
508 58906 66000
222 4931 89579
693 47060 78784
365 12742 44038
107 68153 51686
646 10378 15415
143 98582 90672
435 32033 36963
180 78573 95819
759 5902 33619
66 49136 59513
78 76717 91650
59 30371 79837
783 67298 88462
911 64440 86693
166 116 49251
79 53340 68321
159 98344 98366
25 23488 98087
307 32581 48798
725 96109 96263
265 10082 49087
516 82485 89884
496 1396 90876
973 86207 96093
962 59520 97539
37 78408 91022
291 37147 48598
847 16561 19377
17 73175 5426
444 5253 40038
634 99039 99452
804 70590 81164
309 30416 59264
269 21746 48772
591 8566 23528
396 88139 99945
91 96707 97050
994 413 27798
193 90573 91119
82 47865 21245
554 25736 39191
937 47218 56984
397 26532 29857
453 53442 97591
942 47937 70956
588 96360 97951
771 48256 69960
302 47188 47205
399 64134 66757
263 42283 71918
542 25015 26606
322 98326 99965
527 5931 82063
482 4484 2308
999 58866 73164
311 9428 87470
979 5107 29902
347 4769 87584
878 3901 44850
41 95719 98026
558 43991 70689
882 63692 86093
901 96202 97035
760 20013 90358
217 48522 40428
740 6735 67157
456 30647 61892
493 98740 99692
567 65078 71313
459 60168 72474
94 78407 96470
74 46535 68846
33 68245 80757
868 70047 77115
634 80000 91780
292 48447 64399
459 63016 74185
161 985 98094
914 1835 62862
365 90892 39977
503 96633 97908
850 43379 95206
256 38720 1146
112 75331 91405
989 31814 36322
776 48781 84534
353 31284 96550
107 60656 72213
250 51987 53978
818 73460 45382
445 81704 47263
284 10406 60792
374 97687 97962
476 56367 64656
41 92246 34679
433 2756 17669
711 96226 98970
851 9974 41708
560 94072 56144
228 9097 58275
630 83438 98325
664 28612 64783
354 45546 89900
123 94318 95195
778 60745 75871
920 27256 46679
2 15089 15140
150 92264 96422
412 38948 87939
495 74263 75513
712 32956 22191
822 5068 37022
811 91418 93122
352 60879 90105
570 45283 95204
373 49563 95246
157 47667 81628
974 24285 61678
790 75848 82304
433 58642 35985
694 53345 80547
825 56262 76933
3 47481 60195
915 23900 67036
667 36443 61060
758 10946 63282
916 36775 52236
659 95785 99448
181 22762 22026
643 35704 88498
883 36833 44735
108 12889 11278
172 48053 67570
653 64513 76995
370 16437 80139
303 1387 34879
612 89849 93076
535 77736 79297
336 5542 93512
186 96638 39126
801 84041 17957
427 63465 72326
726 80798 87295
346 50742 56283
55 45982 56273
228 89312 96409
105 42722 65604
544 76465 76553
188 33224 49834
799 17311 54785
982 77702 93212
301 75473 90158
655 16439 66272
753 46522 51600
37 21204 31637
821 15816 91288
452 50363 82607
608 71969 78478
844 45721 78993
294 23133 89059
207 32105 46039
978 73112 81716
173 67018 78177
347 89897 56654
593 18712 97704
9 3445 92503
441 25632 71670
385 80188 85475
842 62973 93544
745 95254 98698
177 49125 91108
255 66617 82151
806 59546 83241
713 6891 92365
483 91706 67197
362 60740 68338
446 33302 40854
925 20596 99724
134 91080 98227
408 97819 16353
237 76726 67719
644 59425 82423
735 14167 94532
904 44171 24020
383 60968 75269
993 40516 79501
430 37795 54811
999 62260 79861
285 65185 20232
812 81199 87715
293 59378 99281
413 75821 83218
387 9789 81103
567 88071 99719
457 74304 84092
603 70545 95032
742 80134 97950
414 16192 97538
150 52506 80388
885 52637 78508
514 31871 78951
253 76849 88232
463 57515 81229
232 49084 62973
429 47065 62509
340 48009 63096
249 21819 81979
632 3251 86530
185 31522 96957
449 39348 79682
13 46568 63524
942 53797 91967
883 84636 6986
39 10236 96765
57 23198 53813
338 96435 99044
659 67398 9279
326 22395 80772
621 89785 91394
340 55513 5926
877 79781 88172
840 57388 69839
782 11520 37088
960 12529 8953
177 80909 91631
898 71957 75051
382 63274 85197
402 31134 59005
856 63380 75909
599 7117 10790
834 47228 90496
535 14162 56637
518 83734 36262
150 37811 42574
62 87653 98783
641 71322 12944
933 25022 41365
812 35007 88372
520 41485 86670
447 25606 58994
470 54597 82799
653 28445 53552
74 69493 96771
100 13165 94015
400 78254 94785
844 63111 79526
945 41863 80666
632 50158 58629
778 34131 88878
788 61312 38771
963 59612 71344
620 18600 99265
584 70847 65774
254 12702 87683
809 75390 94347
699 78171 92287
321 33703 64403
711 33871 99645
65 87473 87769
268 82449 85496
770 38998 52794
243 11409 64490
572 35381 68112
601 61121 69365
377 30334 59602
962 55655 82156
250 4366 61182
921 45933 74903
472 80405 94746
770 31228 91651
516 89076 89834
143 55962 76928
465 94356 78921
536 83062 85206
157 58970 75879
97 6258 15228
788 70715 88129
848 77974 93804
449 56307 96573
459 85241 91761
830 69756 91370
101 48612 50763
692 44567 62662
149 62719 82810
649 24689 53011
724 8131 56879
863 80613 92693
111 92502 93181
597 51152 85873
519 94726 96306
551 58172 48437
271 4508 3520
992 54671 6231
881 956 62693
963 84037 94233
786 62573 78753
839 8588 73376
408 36364 40370
956 33389 43896
664 59988 49337
999 33373 41114
932 12675 54894
899 20595 25164
686 23391 45890
293 70312 77395
601 63812 97734
385 10446 74017
157 13807 25793
571 43994 50399
987 79670 98370
773 47268 48352
947 99718 75150
144 49166 60129
259 10205 54199
727 12522 4597
637 41659 91983
571 87422 59612
906 7404 74786
498 90855 99019
456 8492 88803
732 46519 74252
997 4112 94343
774 26289 49764
450 64691 67249
837 17343 59630
387 29489 49550
145 76216 87261
894 68190 75592
463 87686 88594
487 60358 83984
746 18447 66137
426 82469 95459
963 40962 51792
887 41725 79373
883 12499 63285
486 14949 49747
46 56110 99265
473 57043 98004
357 36303 21862
551 12410 90066
292 69438 92067
914 339 41009
947 46181 92238
673 59263 54771
4 7426 11872
742 24590 76305
683 56467 90253
44 82100 85640
676 92694 97255
583 5892 51126
180 18982 41159
77 39610 38949
508 24944 83620
924 58938 91585
992 4395 77060
443 75903 90666
627 14651 23134
948 3624 97076
342 78752 81810
552 15586 36333
527 70727 77480
317 53269 75373
778 77724 92424
953 10283 89006
34 40879 46976
964 45057 91152
648 75861 79322
980 12794 95381
228 27381 40710
955 60555 99783
759 44150 94178
876 10913 29592
316 56464 69257
418 70244 82253
802 13743 1877
368 62378 69855
386 30144 94763
667 56568 87533
571 44195 94327
940 91480 94913
738 42289 76371
664 69409 85838
342 64093 98183
132 42782 74684
286 66163 49931
82 61196 85799
284 61482 70443
605 72364 92796
592 83344 59764
29 69146 81314
998 49095 80109
779 72243 33822
124 46122 56604
997 31513 69037
766 98589 99681
409 72287 78544
528 3973 98342
76 960 31068
372 42405 63800
288 11278 71452
891 37757 42930
535 45886 68050
102 62182 86715
349 62112 93179
289 54641 87898
760 65259 82382
359 20785 35226
892 97463 77212
140 19433 71271
972 52334 80922
375 14122 60094
311 96069 99522
913 66233 73956
944 84096 4765
119 17185 46102
734 34082 61975
160 7733 47055
900 58624 67963
19 2401 23517
848 43070 62497
534 5132 79414
28 89213 38383
623 29975 64309
731 79512 92352
423 25799 81564
173 34183 97240
49 74711 92659
172 2316 57008
514 36518 45221
341 20597 77319
825 7854 51411
123 44899 54170
757 37151 97746
859 49182 60332
799 8573 91312
53 16290 18920
898 94656 96010
981 91433 93734
145 38296 51838
246 72194 52965
589 42593 68140
710 44767 44840
537 6672 63827
289 96655 96657
535 45466 2882
194 33075 82952
484 60588 73690
520 9014 44796
631 62314 87587
772 37176 70251
607 34777 95365
621 21019 39141
426 67813 76826
692 65390 70800
322 10994 98581
524 6648 93250
438 82622 94338
424 19602 60667
88 48053 79134
774 196 46792
231 62173 87462
61 85925 95555
312 4792 58193
220 62202 83483
351 77841 78337
93 25356 34928
624 99252 47178
781 15686 7459
66 3014 19195
531 55941 98739
111 33598 35688
407 18443 85953
36 40729 87907
705 18543 89060
376 69560 65419
122 43105 99345
69 23064 27250
407 3613 45692
135 31644 96562
168 46470 96664
627 54539 65187
162 45391 61087
712 35068 51061
759 32700 54673
568 64087 87837
227 3996 17011
551 97510 99603
578 19163 91625
734 9650 88213
785 74460 52404
805 99333 99928
532 25605 69102
803 29758 30206
622 12475 24277
73 77212 90001
158 49315 60013
864 16841 45483
634 62395 91593
232 21798 46074
29 50004 71355
920 54169 28091
835 71964 5599
523 69612 70080
344 60602 61656
806 240 66595
91 78008 97594
137 36196 37265
699 79404 85531
212 25389 87044
216 7076 73670
137 41663 94010
224 55104 73053
397 19882 73498
447 98556 59028
542 768 4163
900 31218 31640
405 39186 92121
512 43219 89690
998 70196 86898
191 92723 95110
409 43891 47565
151 89709 95882
67 70183 88643
511 94811 96514
847 47403 95569
232 69222 75528
369 62921 67493
846 55562 81691
573 92094 95644
992 52432 87677
531 53056 33763
109 72216 78673
540 91226 98620
397 49721 45813
853 15220 74333
435 79722 93034
781 7181 69502
499 85832 36589
567 72458 4547
946 66711 27224
883 40071 41486
28 84606 93605
940 43027 74101
776 72037 52956
161 58883 79781
28 19612 44669
938 64702 85639
743 37106 47062
407 7509 97961
912 47035 72011
583 9429 68774
415 50077 77383
313 49549 14488
258 77901 17086
373 92085 52203
915 19471 45622
169 96926 99435
992 32400 82622
950 67163 94199
442 51313 53061
684 91388 26317
212 55048 66016
324 12761 28242
42 10943 64090
868 73236 83786
145 7479 60539
443 72181 86855
921 58254 90024
276 8595 16406
556 95840 97729
55 50751 30600
37 68749 90533
820 96475 99868
450 52161 98874
444 24069 83998
459 67073 94689
843 89517 97439
795 78221 80888
548 26204 67994
469 66427 85268
293 78787 19549
213 48191 78243
853 24835 78988
936 75989 73560
452 52130 57497
931 82972 96217
59 71459 91007
75 51051 54587
534 47376 91112
702 2188 68234
647 70369 91408
621 74379 47275
324 59844 95042
87 38527 52404
783 39323 78603
333 80791 83567
772 41442 91731
244 23418 34811
300 21559 26587
647 86802 96191
725 15785 73579
744 8053 16136
79 88578 93818
752 83982 96971
843 39446 47809
664 34981 44809
177 63167 85349
89 16905 56645
966 4047 27835
562 84474 88468
209 61484 80938
886 62135 91828
849 43323 99331
250 68068 76272
521 93874 96359
165 88515 92648
404 37817 79635
980 79246 95090
288 8580 11384
66 2970 81415
636 57459 91588
262 18446 30579
586 67221 73351
776 2297 40753
174 60074 46930
498 76714 86931
720 59561 97058
422 29858 54187
761 88896 96998
609 65241 98309
663 61589 27457
922 98003 99128
994 16175 66139
541 24261 30907
361 52058 86721
533 81459 88208
620 90165 97595
860 84164 84701
523 39294 84549
887 34226 38785
591 90139 91660
109 4120 59765
879 36178 95137
906 93721 95110
48 85248 95068
21 53069 76462
221 60566 78133
725 50811 52411
866 45107 73160
713 39650 86340
508 84055 93150
616 55431 66459
998 17137 62918
214 73968 75969
717 37827 43848
436 61306 46539
240 57266 10204
949 81986 98763
799 83668 98337
20 35457 38524
436 50727 94828
888 75936 52807
13 4637 71156
982 49199 69576
542 17379 32068
915 44504 60506
665 25201 93360
577 24166 4539
12 57345 78333
945 8423 73973
191 81619 83062
785 31062 71580
895 86213 88255
396 50595 86610
539 20953 51031
922 87476 90042
586 91807 91908
724 41192 80243
541 4359 80259
421 6695 43686
758 27529 71509
629 60919 84522
27 91810 92781
963 21993 73931
364 96381 96909
627 7676 92063
379 57482 78845
735 63123 71285
481 81923 20638
595 3226 73820
422 50623 54285
414 38640 204
491 52450 63199
606 16699 96173
857 48657 88149
78 7671 97843
633 59331 73943
86 8080 28934
117 92339 93178
367 63678 84838
116 73675 94473
511 3042 2143
969 16337 87907
774 61374 90307
129 37817 93265
320 1259 86097
134 88399 98525
229 31808 59413
854 21960 8057
293 48429 85962
60 25915 40638
336 27459 33654
305 47324 69283
253 72171 78655
64 86286 86691
257 59466 66488
580 19745 21591
701 88430 88433
824 82135 98508
265 32888 35147
630 60480 81186
954 98700 11736
230 70544 39676
743 11271 75931
687 16113 58855
196 70961 96603
106 86744 95783
293 82615 97990
508 78427 85192
91 23953 73352
800 67019 76448
168 40023 48973
122 33020 45154
439 96558 27832
187 85834 99355
325 47612 54829
149 40467 85620
808 2038 12937
888 52947 80630
112 76059 37087
774 77476 95143
129 81165 94017
464 8227 50654
915 98251 31818
435 79464 93404
768 68702 78600
462 52388 82748
867 63441 76013
532 87782 92638
506 39340 5440
209 62595 79739
115 81146 90686
202 50803 75979
572 58267 77535
835 39313 99529
528 9985 31776
124 73633 94370
570 74108 83125
748 91016 95927
875 31872 91361
897 68931 91892
37 89376 97379
574 52065 73884
171 28348 60219
185 16958 64455
507 49737 75757
153 50758 50990
376 63815 70761
243 82908 98335
21 48196 96524
484 18714 37575
598 11592 74007
672 243 83150
444 77229 85287
512 65275 76658
156 51344 51659
499 33123 43217
245 84376 89614
788 30372 44208
160 86103 95732
266 17911 18895
103 30844 88144
264 21102 96759
362 99068 99997
225 16374 99284
538 15848 19372
472 65757 84255
452 48252 85704
386 53571 93363
758 1969 9711
746 52889 93056
227 69701 10458
155 54848 76863
52 52051 55554
373 73365 92761
636 83626 99468
650 3323 31697
168 55429 76571
338 92306 95488
195 95849 97936
803 58202 74022
611 24686 98965
723 96359 98528
172 93090 96624
287 49044 87873
953 96325 98988
421 4686 78422
520 45856 94616
261 64039 82378
840 54343 93295
758 72248 92753
145 16252 68532
488 43631 92619
882 74473 74560
280 86963 93423
204 95542 97889
213 99457 99696
17 57254 99224
511 39445 46324
265 99103 99892
64 93935 99655
168 17193 57668
566 75257 71838
87 15930 70275
799 24746 82856
856 22631 82747
856 66280 81342
455 71911 90334
990 45530 48868
479 90580 99397
146 93999 98495
759 64775 74306
360 12500 35705
912 42390 47401
94 22050 28981
149 59323 6186
353 74727 79195
77 55569 65579
241 17215 32890
19 78631 80950
808 46501 51511
218 93439 59327
696 82137 84581
586 28447 71395
480 71662 95024
338 29477 50599
717 78095 79099
628 34430 83045
130 71058 79774
199 70908 87162
165 37024 43283
500 17218 39102
102 37564 64829
17 57826 92575
769 1653 73152
351 69277 85241
332 87268 72402
452 15685 49254
331 73051 74112
642 50254 57215
296 45310 99642
875 90376 93996
576 89482 92425
450 64463 84032
745 27174 73648
948 45402 51236
331 7715 62640
153 35286 94000
134 41029 60860
396 53285 85362
964 56624 69393
21 43041 46950
572 1361 21249
237 18368 83237
681 57817 97381
878 67889 68487
986 57364 65573
817 37712 75312
421 44569 61357
129 23992 37372
48 5614 46746
846 89545 90889
566 82799 87501
639 71456 96588
981 9970 14172
440 89505 90250
150 35894 78632
513 50087 78330
723 98227 99774
366 5278 69795
733 95555 97265
855 32736 90379
530 51902 27609
262 50126 87221
629 58634 81756
332 13425 58686
872 78517 49735
24 46999 73431
739 78025 99781
502 88462 90997
656 54755 56237
220 21461 64656
700 54887 70963
495 57935 70886
198 93396 95926
214 5933 99775
842 83302 84393
576 15280 60063
457 47584 30948
691 19273 34057
283 96295 96449
848 57937 1400
991 65236 12835
473 85 61621
248 32608 78986
482 66497 95901
374 482 93712
980 18138 69173
267 38071 98444
1000 46020 94979
772 59858 90316
708 9820 33199
334 81592 94490
737 66914 78373
847 41738 69583
811 99088 87905
852 89112 89925
269 48773 98804
662 11017 37937
773 85520 98756
272 9063 83611
240 47251 55984
545 48201 21108
369 19911 62457
382 99387 99756
79 87213 97612
239 86135 90709
139 30130 38545
326 31116 20330
26 870 16978
768 32821 54401
529 99512 87460
329 85071 41622
311 62497 62734
64 45906 77021
193 92316 97456
707 29155 51856
640 55667 57089
678 43894 76498
301 22114 68019
537 77403 86070
919 15410 15422
27 60169 89593
753 14791 28579
557 11511 21216
170 59681 65804
944 18563 96319
803 80548 98767
449 5295 10736
588 83153 93855
287 17720 72472
528 99949 99983
801 72736 97265
958 35701 74095
606 76363 96122
971 16383 44216
173 17444 47028
428 85579 9080
224 25414 88522
971 70628 78384
49 8181 48667
265 82726 99108
151 88640 92476
545 65946 84678
414 9347 92073
665 2603 7594
137 58859 13676
361 83138 90813
77 15501 99499
407 529 70264
144 77599 37530
91 67171 96161
485 36987 69270
451 83117 91475
303 30127 45977
478 81095 46505
834 16768 70649
295 78406 80200
882 4062 22478
162 59938 97069
677 62081 88478
456 87682 89093
801 46418 69729
172 26238 29045
645 84671 71711
145 20143 73489
422 95324 98858
132 77181 85386
94 82185 99507
249 77661 97049
887 53849 87803
718 14361 89586
611 55598 61021
907 98674 99940
661 96137 99431
686 50106 73889
678 98157 98491
449 76981 77515
994 49017 55437
849 5782 65276
550 48255 57589
436 71962 94902
186 56609 88261
584 69374 65241
555 44877 57383
414 11493 64771
49 47309 15373
150 4295 99648
37 79451 92277
213 75803 84891
47 5145 16615
436 20909 36908
571 82365 98016
850 55640 76322
259 16912 94931
988 1575 18189
397 14073 55449
109 92356 93230
726 19616 33983
389 12026 88347
587 62438 88704
307 37265 83634
480 94079 95034
923 68978 92995
344 80705 84742
177 2116 21533
742 88749 89303
715 16343 31610
434 73244 75534
21 33854 78818
387 880 19347
888 58089 91011
920 10204 82397
689 14902 23432
725 18712 94245
176 61665 70377
741 92773 94372
56 72743 85536
821 59851 99207
590 46811 68646
636 4154 35860
415 85874 92070
746 33121 47395
395 94204 627
946 27045 73855
661 60091 64245
510 28474 91373
653 33675 42096
320 60867 97922
476 45316 62295
793 9981 63194
929 66704 70754
165 29978 57724
260 8983 14464
449 33298 83823
189 90449 67453
315 1727 20541
143 67840 53605
812 75941 86154
394 73177 77810
784 73898 93173
61 79981 81951
491 33968 62648
156 96986 98935
816 47108 71486
386 16964 78694
631 46869 74159
258 72603 79228
301 11344 73175
198 19477 21473
853 58157 68581
93 56418 62065
406 87096 94511
436 13379 87887
176 14446 84483
760 10380 36308
602 72858 96344
668 47409 54302
675 84508 87825
777 95001 72154
574 2951 4080
883 59452 99265
993 75847 79135
603 68566 98020
575 60022 80453
636 65275 85303
146 86703 98663
566 5786 71217
2 11596 90730
712 81842 95737
159 30444 97332
743 15283 69295
136 87656 40511
165 78017 94241
420 85679 89853
120 67331 96754
948 60070 90429
812 86227 86914
778 34104 46323
55 52527 74476
995 55500 68479
650 78085 86281
583 35187 93933
346 13627 52741
134 99641 99951
247 41433 44376
792 88179 94288
101 52903 94788
781 14956 92727
364 76029 80772
653 26396 67828
879 8970 97148
33 35476 90996
278 93796 94747
64 38283 51782
975 76215 50897
938 58244 91596
971 3365 73327
909 35176 73851
808 84417 52812
820 83777 95175
314 43178 60260
122 28474 51098
265 22559 63663
304 52023 75440
750 16532 56355
1000 54391 21649
411 40311 99841
342 22556 51029
454 8087 30645
559 31373 83395
265 7089 39973
716 47112 85113
702 33871 94177
583 61973 67760
394 37800 68444
51 55001 62408
20 77826 80108
423 98069 99185
845 22259 58554
515 19981 76520
972 43469 52320
56 60345 88045
2 14152 61550
338 681 20532
701 7953 18835
241 11103 87622
334 26692 79785
920 41059 40129
97 64934 95437
954 28401 45433
239 93484 96577
754 22180 84198
221 47099 62320
96 1488 82774
334 37312 94562
505 67900 78121
236 21849 90972
19 9307 47838
60 73520 74419
517 91889 92259
362 75032 85945
217 18289 62136
201 59461 83985
364 91308 95488
486 65070 86290
471 18782 68502
623 46918 72546
523 94581 96998
509 27116 38701
702 13054 27598
434 27107 44586
846 86864 92106
515 68432 74484
757 1934 29531
950 78470 72990
382 33927 94541
820 39837 66423
93 92491 97124
770 61072 13469
669 70001 75285
994 40353 68386
153 61295 71078
102 49022 55982
708 32991 39345
953 79447 69165
889 39166 43329
40 45620 33
297 68418 91776
856 17080 22406
847 65292 83667
98 18054 48961
563 94779 30207
183 3089 59587
628 71961 92895
83 39430 72861
817 8618 39370
528 88737 95738
808 84621 85669
520 79194 86741
441 52137 69540
584 56377 60354
793 56238 95030
82 89781 92244
410 55790 98042
939 49710 90764
856 54223 55147
503 98724 98813
789 7655 34717
960 78580 6751
215 68723 80151
587 22939 42528
638 82000 95958
457 75935 87782
770 50173 65119
178 38792 51289
69 87417 88336
458 25242 47757
692 98532 99297
930 90509 92162
847 45593 48064
825 53073 64381
442 73274 96144
