1000
1 1 1 1 1
2 1 1 1 1
1 2 2 2 1
50 20 20 20 20
50 20 8 20 16
50 20 9 20 17
49 11 4 11 1
11 4 3 3 1
31 9 9 1 1
30 11 4 11 2
25 6 1 5 5
30 1 1 7 7
37 13 1 5 4
27 11 11 20 6
28 2 1 16 13
11 10 4 9 9
35 4 4 11 11
5 4 4 4 3
48 6 1 18 17
13 2 2 11 6
45 13 2 20 20
5 4 1 1 1
25 20 18 14 12
50 6 6 7 2
42 13 9 6 3
32 4 1 6 6
35 5 3 6 6
48 10 8 6 5
13 11 10 10 3
32 9 6 7 6
40 11 2 11 4
6 1 1 5 5
35 8 5 19 12
24 4 4 6 5
40 9 6 15 3
3 1 1 1 1
40 7 3 10 9
26 20 2 16 1
19 3 1 17 3
34 19 9 15 13
4 4 2 2 2
33 15 14 4 2
50 4 3 1 1
14 4 2 3 3
7 5 4 5 2
6 4 3 2 2
44 9 3 8 6
39 16 16 1 1
25 7 6 15 6
26 19 5 10 8
37 18 9 14 4
22 1 1 16 7
32 14 1 11 1
41 2 2 8 5
29 16 16 15 7
7 7 3 1 1
2 2 2 1 1
13 11 11 2 1
21 16 4 10 9
47 4 2 7 3
50 1 1 2 2
33 8 6 15 5
37 10 5 4 2
29 20 3 18 13
2 1 1 1 1
6 1 1 6 6
21 6 2 13 2
7 5 3 4 3
46 4 4 15 7
31 18 16 11 6
6 1 1 1 1
33 19 2 20 5
21 5 4 4 2
24 3 1 5 1
24 6 1 13 9
24 2 1 1 1
45 14 6 20 5
9 1 1 8 4
27 18 10 9 6
49 11 9 9 4
5 5 1 1 1
21 4 3 13 5
40 10 6 15 3
42 19 13 11 5
17 3 2 16 13
7 1 1 2 1
25 2 1 10 7
25 13 13 6 4
23 1 1 14 4
2 2 2 2 1
25 15 13 13 5
19 19 11 1 1
6 3 1 3 1
26 14 8 12 11
23 15 12 4 3
28 1 1 13 13
18 17 5 3 3
41 19 19 6 4
35 10 3 17 13
14 14 8 10 8
49 7 3 9 1
26 6 1 6 3
22 4 2 19 17
6 5 5 4 3
41 3 2 20 10
18 17 15 2 1
42 18 15 5 5
40 14 5 1 1
17 8 7 8 8
13 7 4 1 1
34 7 3 7 7
20 4 1 10 3
41 6 3 16 16
43 9 2 18 17
12 11 1 7 2
36 14 12 19 17
15 14 7 4 4
49 9 5 17 5
48 12 1 14 4
43 13 9 20 9
2 2 1 2 1
35 2 2 6 2
21 16 4 17 16
49 18 4 1 1
2 2 2 2 1
17 15 14 9 9
45 12 1 2 1
13 12 9 11 2
11 8 8 10 6
44 19 5 12 11
36 15 6 4 1
39 12 9 9 1
25 8 5 8 6
9 8 5 4 4
11 9 1 5 5
18 4 1 6 5
25 9 6 13 8
18 1 1 17 8
3 1 1 1 1
41 19 14 14 5
40 16 13 6 3
24 8 3 15 4
28 12 1 20 6
47 15 6 6 1
10 1 1 9 8
3 3 1 2 2
8 8 3 1 1
49 19 2 7 4
32 18 1 18 11
20 2 2 17 17
25 11 9 15 5
35 5 5 4 2
21 9 4 16 10
20 11 10 15 10
25 12 8 16 12
27 16 6 1 1
27 1 1 16 4
10 3 1 7 4
21 9 9 15 14
36 1 1 6 2
37 19 6 8 5
16 6 3 9 5
20 19 13 10 3
21 7 6 12 10
21 7 1 14 14
22 9 6 10 1
44 9 5 6 4
29 6 1 14 9
24 3 3 8 4
17 1 1 11 3
37 4 2 13 12
13 13 3 2 2
25 4 3 2 2
24 17 16 10 6
2 1 1 2 1
9 1 1 2 2
49 5 1 19 18
35 13 12 9 1
16 1 1 3 3
12 2 2 10 4
17 5 4 9 6
43 15 14 9 3
35 8 4 6 6
44 2 2 4 1
17 2 2 11 8
50 11 11 17 11
9 3 2 1 1
7 3 3 5 1
49 12 2 4 4
9 1 1 8 1
12 19 17 17 16
9 8 1 4 1
31 12 2 5 2
41 9 1 2 1
26 9 3 12 9
46 6 5 18 9
47 1 1 17 3
48 19 2 16 2
50 19 18 18 8
44 9 4 4 1
4 4 1 3 1
23 12 3 13 9
10 6 3 8 4
3 1 1 3 1
40 17 16 8 4
19 16 16 15 15
47 20 8 18 18
45 12 4 5 1
34 9 1 13 11
2 1 1 2 2
24 19 6 16 12
48 1 1 3 3
27 5 2 14 7
30 11 11 8 5
38 12 2 16 9
6 8 1 2 1
34 13 10 5 1
8 8 3 2 1
46 19 3 17 6
16 15 10 2 2
5 1 1 4 3
4 1 1 4 1
44 14 6 8 6
22 14 9 1 1
24 15 13 17 14
25 15 11 19 11
46 5 3 2 2
23 1 1 13 9
17 17 8 11 11
36 17 9 15 11
22 17 1 8 4
41 15 14 1 1
14 14 8 3 3
1 18 16 3 2
13 4 4 8 1
38 3 1 2 2
17 15 3 5 2
50 7 3 6 2
30 2 2 9 7
3 1 1 2 2
8 6 4 8 3
43 8 2 6 6
8 3 2 2 2
23 14 8 16 3
49 15 1 15 15
38 19 3 17 8
30 14 6 4 1
39 16 8 7 1
28 16 9 13 1
38 15 7 1 1
22 6 6 7 4
2 1 1 1 1
50 7 3 4 3
48 19 14 2 2
16 5 4 9 6
12 4 4 5 3
30 20 15 4 2
48 7 1 19 5
16 10 2 10 7
11 7 1 10 6
35 16 6 4 3
39 11 6 10 3
46 12 2 10 4
2 1 1 2 1
6 4 1 2 1
21 12 3 6 5
28 1 1 10 9
42 10 4 13 2
35 8 3 15 13
19 10 7 10 6
7 7 5 5 2
17 4 4 13 9
25 18 14 3 1
3 2 1 1 1
37 19 1 17 5
44 11 1 19 16
28 14 14 12 8
14 3 2 5 3
31 13 3 12 6
45 20 8 20 19
42 8 1 1 1
13 11 9 7 1
44 18 2 1 1
17 15 15 5 2
21 17 9 4 3
46 7 3 12 7
41 18 2 13 13
29 15 15 2 1
43 20 9 6 2
42 18 4 1 1
7 6 3 3 2
35 8 2 10 7
49 7 2 4 3
2 2 1 2 2
47 2 2 12 1
26 11 3 10 10
49 15 11 9 4
30 15 1 7 5
47 7 6 17 8
48 16 9 19 14
35 13 1 6 2
26 14 12 19 7
12 8 7 2 1
17 13 6 17 15
17 11 10 11 8
40 8 2 5 5
19 17 7 12 6
19 4 3 18 6
13 1 1 3 3
49 12 7 2 1
25 6 4 16 6
46 6 5 18 4
44 3 1 18 2
29 14 14 1 1
2 2 1 2 2
31 17 9 3 3
5 5 3 4 2
3 2 2 1 1
43 9 8 16 3
28 19 8 8 3
25 11 4 7 3
29 3 2 6 6
25 7 6 14 1
26 18 11 8 4
6 3 1 2 1
25 16 11 19 11
36 10 5 20 8
18 3 2 8 8
5 2 2 5 5
16 12 6 14 9
17 16 11 10 3
5 4 3 2 2
21 9 2 2 2
3 2 2 2 2
44 1 1 19 6
24 3 1 13 6
48 15 14 2 2
38 20 11 12 3
38 10 6 16 13
29 18 10 13 4
14 3 2 3 2
38 13 1 5 5
32 12 9 1 1
42 18 3 1 1
31 18 18 16 3
36 10 5 19 3
33 7 3 9 1
11 5 3 1 1
8 7 6 1 1
37 18 2 11 11
34 4 2 9 2
18 3 2 2 1
42 4 3 12 2
11 1 1 7 3
43 15 15 1 1
47 18 16 8 6
2 1 1 2 1
48 13 5 12 5
38 9 1 1 1
30 11 8 11 8
10 8 6 2 2
15 14 6 12 12
16 8 8 8 7
37 1 1 11 9
35 6 2 9 9
39 12 5 5 4
16 16 4 14 9
3 3 3 2 2
8 4 2 4 4
46 8 3 13 10
20 13 13 12 4
50 17 3 3 3
37 4 2 9 9
36 4 3 18 14
50 9 7 3 3
38 16 4 18 10
43 15 10 2 2
3 3 1 2 2
29 13 13 10 10
44 18 6 8 2
6 5 3 1 1
6 5 5 1 1
35 15 14 5 1
20 4 4 5 2
12 6 3 9 2
42 1 1 17 7
22 17 14 14 13
50 5 2 15 5
24 11 5 5 5
36 14 11 11 1
38 17 13 3 3
25 14 3 6 6
16 8 8 10 10
40 17 1 3 3
12 1 1 11 3
23 5 3 9 4
17 3 2 6 6
22 20 4 15 13
29 3 1 11 10
45 12 12 13 1
39 15 2 6 4
21 17 10 16 15
49 16 11 10 2
25 5 1 15 9
27 3 2 13 10
12 4 3 10 9
22 9 8 16 9
5 3 3 2 1
34 11 10 3 2
17 15 6 7 5
37 8 2 20 16
3 1 1 1 1
10 2 2 5 2
8 6 2 7 5
6 6 1 1 1
20 13 13 6 1
11 2 1 2 2
36 11 2 15 1
14 6 6 5 4
50 13 13 18 12
43 17 12 1 1
14 9 8 5 4
17 6 1 10 10
37 1 1 7 7
16 9 9 5 2
11 5 1 9 8
27 2 2 15 3
21 12 11 12 6
18 3 3 16 7
16 13 8 15 4
26 7 5 5 5
29 13 12 3 2
17 1 1 2 2
21 5 4 14 12
7 7 1 4 3
21 8 5 5 5
46 9 4 7 5
34 12 11 15 4
44 15 3 1 1
29 4 2 10 8
19 13 12 2 2
18 5 5 10 3
45 3 2 4 2
14 1 1 12 12
38 19 5 19 12
24 20 7 18 10
39 6 3 5 3
37 20 12 9 1
50 5 1 15 13
25 15 2 4 1
30 20 7 5 5
6 4 3 1 1
29 11 2 11 6
39 7 3 18 16
21 9 9 11 5
43 6 4 6 2
5 1 1 2 2
10 4 2 2 1
45 4 3 5 5
4 1 1 3 1
24 15 15 5 1
14 6 3 9 6
45 6 6 14 6
18 3 1 1 1
14 2 2 8 1
7 1 1 2 1
24 5 3 10 2
17 4 1 8 1
32 4 4 10 9
3 1 1 1 1
15 5 5 5 5
11 1 1 4 4
25 7 1 3 1
31 18 15 14 9
11 5 4 9 1
13 11 8 1 1
29 7 7 2 2
12 4 1 4 2
41 14 8 3 3
36 12 7 6 5
37 12 2 12 12
33 1 1 14 12
39 13 8 3 2
24 11 8 8 7
16 15 2 2 2
14 10 7 13 9
8 1 1 8 1
17 1 1 8 4
18 2 1 11 7
6 1 1 1 1
28 3 3 11 3
32 15 3 17 1
47 16 1 16 4
15 7 6 11 3
38 7 3 16 9
21 1 1 3 3
9 7 2 5 1
37 6 4 12 12
40 4 4 8 6
10 9 1 5 3
25 19 5 15 5
45 8 6 19 14
28 9 3 15 8
35 16 10 16 15
4 3 3 1 1
13 7 1 5 3
28 3 3 10 7
28 8 7 7 6
14 9 6 4 2
32 16 15 4 1
34 11 8 15 7
28 12 4 9 3
37 9 6 19 19
25 9 5 13 7
28 15 10 14 2
27 14 5 6 3
40 13 7 5 2
2 2 2 2 1
31 19 14 15 14
13 13 9 10 8
43 13 6 20 9
5 3 1 3 1
40 16 3 16 15
32 7 5 10 9
42 10 9 19 12
36 5 1 14 5
15 8 8 6 1
16 4 1 16 3
8 1 1 5 4
8 4 2 1 1
35 17 8 11 9
12 12 1 1 1
13 1 1 1 1
44 15 2 3 3
31 20 11 20 17
46 3 3 13 8
7 5 1 7 4
28 9 2 13 9
13 4 3 10 8
36 6 3 7 6
30 10 9 3 2
45 5 5 18 17
5 5 5 3 2
4 2 2 3 3
42 5 4 6 2
16 2 1 7 4
14 4 4 2 1
40 15 8 5 5
2 1 1 1 1
34 8 1 17 4
28 11 2 19 6
39 2 2 5 4
2 2 2 1 1
11 1 1 10 2
41 9 4 9 2
4 1 1 4 3
23 11 5 8 1
4 1 1 4 4
14 3 3 8 8
17 13 5 6 4
50 16 9 6 4
35 15 6 7 3
8 4 1 1 1
42 15 14 7 5
16 13 3 1 1
19 18 5 15 5
11 9 2 3 2
6 6 4 1 1
42 6 1 15 9
46 11 7 16 3
5 1 1 2 1
8 5 4 5 2
18 13 5 14 13
27 15 7 4 4
36 10 5 15 10
20 6 3 11 11
45 13 12 7 6
15 8 2 3 1
31 13 10 5 2
17 12 6 16 5
15 1 1 8 7
34 10 4 1 1
50 3 3 14 4
32 1 1 3 1
37 17 5 9 1
43 7 3 7 7
10 5 4 9 9
20 5 4 5 5
49 10 9 4 4
45 19 14 10 6
20 10 8 4 4
48 5 2 16 14
20 12 3 6 4
18 8 4 2 2
30 3 3 4 2
14 6 5 6 1
32 2 2 7 5
43 12 6 4 3
34 8 6 18 18
15 8 6 2 2
14 7 7 11 8
22 10 10 17 12
7 4 2 1 1
38 4 4 2 1
34 6 4 18 13
44 20 1 19 2
26 4 2 20 11
10 7 5 3 1
6 3 3 3 3
46 13 2 14 11
41 9 1 15 2
2 8 4 12 10
14 1 1 10 2
16 10 7 11 2
25 18 6 13 10
19 19 16 13 9
11 6 2 5 1
16 1 1 16 6
8 6 3 7 3
46 1 1 19 9
6 4 1 3 1
44 16 2 20 9
35 14 8 13 2
3 3 2 1 1
39 14 12 10 3
23 3 1 3 2
4 3 3 3 3
12 12 1 9 4
26 16 14 8 4
13 9 8 3 1
26 1 1 19 14
12 11 5 7 1
42 11 10 18 2
13 11 1 4 2
34 10 4 6 6
9 1 1 6 2
12 1 1 10 4
29 6 1 16 13
31 4 2 16 13
39 13 9 6 3
13 3 1 9 6
49 8 4 8 5
17 4 2 10 7
49 5 5 10 7
43 1 1 19 17
42 6 1 4 2
32 19 11 13 13
4 4 4 4 1
21 1 1 6 3
2 1 1 1 1
18 14 10 15 3
21 7 1 12 6
41 13 5 5 1
36 12 6 9 1
3 2 1 2 1
15 12 8 13 10
15 5 2 4 1
25 1 1 2 1
6 2 1 6 3
36 4 3 8 1
35 18 15 16 14
12 4 3 7 3
23 7 6 6 5
22 13 5 16 14
32 9 9 1 1
39 12 7 4 1
3 3 3 1 1
11 6 3 2 1
44 12 5 9 7
3 4 3 19 6
11 10 7 3 2
10 5 4 7 7
23 20 7 18 17
31 9 5 5 2
45 1 1 17 9
37 5 2 1 1
28 4 3 1 1
34 13 11 16 14
40 14 1 15 15
6 4 2 5 2
3 2 2 3 2
15 15 9 11 9
40 11 8 10 8
11 1 1 10 10
35 2 1 6 3
3 3 2 1 1
23 3 2 17 6
12 1 1 8 2
38 17 8 3 3
39 17 15 14 8
38 12 2 8 8
5 4 1 2 2
28 7 1 16 10
26 9 7 14 12
25 17 1 12 10
35 4 1 5 2
32 14 1 18 14
45 9 6 1 1
24 4 1 18 8
40 9 4 6 3
5 3 1 2 2
21 2 2 9 1
46 14 1 12 1
10 7 6 9 3
17 11 8 16 11
21 12 9 8 4
39 15 7 13 10
2 2 1 2 2
35 15 1 20 1
46 16 11 3 1
47 17 15 20 4
50 3 3 19 16
44 7 1 20 8
23 11 3 14 13
39 20 11 12 6
22 13 5 19 12
40 14 14 19 2
17 2 2 5 5
26 15 1 11 2
7 6 1 2 2
12 8 2 6 1
48 12 4 20 17
39 4 3 9 3
23 13 4 5 2
34 4 3 4 4
14 10 2 9 2
39 17 13 12 7
33 4 2 3 2
30 4 3 10 6
39 18 5 9 5
32 1 1 7 2
30 9 7 8 5
11 3 3 11 5
6 1 1 1 1
5 1 1 2 1
11 11 3 3 1
12 11 4 2 2
16 4 3 10 4
18 17 4 14 2
27 14 9 20 3
40 18 14 13 4
30 9 6 10 8
27 14 5 11 4
47 18 1 12 11
16 11 9 5 5
15 11 11 4 3
5 2 1 1 1
2 1 1 2 1
27 10 2 19 1
50 5 2 3 3
17 17 3 2 2
12 8 3 11 8
10 3 1 7 5
16 4 3 2 1
15 2 2 9 5
46 11 11 12 3
13 10 4 13 7
16 2 2 1 1
5 1 1 4 2
48 20 10 15 6
34 7 5 16 16
19 14 13 12 3
45 17 6 20 14
19 5 3 1 1
19 5 5 9 7
39 11 1 19 6
36 17 5 19 6
49 14 8 4 1
50 11 10 16 2
38 15 8 10 2
20 6 5 12 10
21 11 6 8 5
34 9 1 4 2
24 4 2 2 2
50 18 2 15 10
34 16 13 10 6
22 5 2 8 8
39 15 2 9 3
12 3 1 8 4
39 3 2 5 5
40 1 1 8 4
7 1 1 6 3
41 5 5 15 3
37 5 3 10 2
34 3 2 7 2
6 3 3 6 2
4 3 2 4 1
13 10 6 7 2
22 11 2 4 1
25 14 11 8 8
41 20 17 12 2
9 3 1 7 7
36 6 3 1 1
15 5 3 12 10
21 15 9 15 9
44 18 15 13 2
50 11 3 3 3
16 4 3 11 8
43 11 10 8 1
19 3 3 11 7
5 3 2 1 1
24 12 8 17 15
9 7 1 5 4
35 11 8 14 14
27 8 2 11 9
1 1 1 15 2
38 5 4 11 5
25 13 7 1 1
18 15 13 2 1
18 3 2 4 4
45 9 4 18 16
15 13 4 1 1
9 15 12 4 1
48 16 5 3 1
25 6 6 10 8
18 16 1 9 3
27 11 11 19 14
16 4 3 11 8
10 3 1 9 6
28 14 11 13 12
23 5 1 3 3
15 8 7 10 1
44 19 3 5 3
41 17 9 16 13
43 15 14 2 2
33 14 8 10 1
26 3 1 3 1
21 17 10 7 7
20 19 7 4 1
26 8 2 4 1
19 6 1 14 13
34 2 1 1 1
11 3 2 9 8
38 18 1 17 17
46 4 2 9 6
4 1 1 4 4
26 4 1 14 14
14 7 2 8 6
35 19 8 11 4
26 7 1 13 8
48 18 1 7 1
48 17 5 4 4
27 11 1 12 8
4 6 5 10 2
21 11 7 16 2
38 1 1 18 4
44 19 4 15 11
22 11 6 15 9
27 12 1 12 3
30 7 2 13 3
25 20 2 5 5
32 6 4 20 14
6 5 3 6 5
19 1 1 3 3
15 9 5 12 7
32 20 5 6 5
16 12 5 1 1
48 15 8 18 6
7 6 4 1 1
29 8 5 6 2
50 6 1 9 8
31 5 2 1 1
16 9 1 11 8
35 8 1 18 1
35 18 9 16 13
23 10 3 8 4
34 20 16 10 9
7 6 3 6 5
28 15 7 16 13
2 2 2 1 1
18 15 14 18 1
3 3 3 2 2
33 17 15 16 12
29 10 7 5 4
10 9 2 6 5
2 1 1 1 1
49 15 11 10 5
39 4 2 11 7
27 7 5 1 1
38 13 4 7 6
12 8 3 3 3
36 5 3 4 3
41 1 1 16 14
38 15 3 3 3
44 5 2 3 3
46 8 4 10 4
29 4 3 9 6
6 5 4 5 3
12 11 7 7 1
24 4 1 11 5
25 13 6 2 1
5 1 1 3 3
5 1 1 4 3
15 15 2 11 10
10 3 2 9 8
23 9 1 4 3
20 1 1 1 1
19 2 1 2 1
32 11 9 17 4
5 1 1 2 1
49 3 3 6 2
26 17 7 6 4
19 8 6 8 1
42 2 2 3 1
9 7 5 6 6
11 6 5 10 10
40 17 5 16 13
47 12 8 12 1
36 16 8 10 5
23 1 1 11 11
24 1 1 15 14
17 3 1 1 1
38 5 2 20 7
35 9 5 14 1
18 16 16 12 6
49 20 20 14 11
9 6 2 3 1
35 5 5 2 2
5 1 1 3 3
8 6 1 8 7
8 5 5 7 6
38 8 8 1 1
18 8 3 12 12
23 12 10 14 10
47 4 4 5 5
4 4 2 3 3
24 5 4 10 3
29 8 8 8 2
8 5 4 1 1
37 6 2 1 1
22 8 3 12 5
13 3 3 13 11
39 16 10 14 3
46 15 2 5 1
26 7 4 13 5
36 13 9 19 4
15 7 7 10 3
43 11 8 8 5
5 1 1 2 1
20 5 3 19 8
38 10 6 11 7
11 9 2 6 5
33 11 5 7 5
23 15 11 14 11
30 2 1 19 13
35 4 3 7 1
27 17 15 18 12
31 14 6 12 6
19 5 4 7 4
36 11 5 12 4
4 3 1 3 3
40 15 12 10 1
22 6 4 14 14
22 3 1 3 3
30 13 12 20 3
25 9 5 19 1
38 16 14 9 9
50 3 2 14 11
24 14 12 13 8
17 5 2 6 6
14 14 13 1 1
12 3 2 10 7
10 3 2 1 1
26 20 2 14 4
13 1 1 2 2
48 19 2 5 5
22 5 3 2 1
32 10 7 19 6
29 20 5 8 5
2 2 2 1 1
50 2 2 12 7
17 14 12 1 1
14 13 1 1 1
43 8 5 2 2
22 4 4 3 1
44 18 2 12 8
44 8 6 11 4
46 4 4 16 9
14 3 3 6 4
37 20 1 8 3
17 5 2 7 3
43 9 1 15 13
18 5 3 15 2
22 18 9 5 4
8 7 2 5 3
7 4 3 2 1
12 3 2 10 5
39 13 7 14 4
41 3 3 11 4
33 12 5 2 1
17 2 2 5 5
41 1 1 17 14
46 14 1 9 1
47 7 2 1 1
26 1 1 12 8
7 7 6 4 2
6 4 2 4 2
35 14 7 4 4
17 17 7 11 8
18 7 3 12 2
