1000
0 0 0
18 0 0 0 0 0 0 0 0
300 300 300
0 0 0 0 0 0 0 0 18
300 60 6
0 6 0 0 0 6 0 0 6
103 56 106
1 2 2 3 1 1 3 3 2
26 68 46
2 1 1 4 4 2 3 1 0
81 85 134
2 4 0 2 2 1 1 2 4
21 41 120
5 1 0 2 1 3 2 4 0
131 84 64
1 2 1 5 1 1 1 3 3
74 72 161
3 2 1 1 0 3 1 4 3
83 78 118
1 2 2 1 1 5 2 1 3
127 136 89
0 2 2 2 2 2 3 0 5
58 56 64
0 2 2 4 3 1 3 3 0
63 33 85
2 4 3 2 1 2 2 0 2
41 96 116
2 2 1 3 0 1 4 4 1
58 92 77
2 4 1 2 1 0 3 4 1
98 15 104
2 2 3 3 1 1 3 1 2
131 42 54
2 2 2 2 2 3 0 3 2
96 42 34
2 3 3 1 2 3 1 2 1
62 53 119
2 2 3 2 2 0 3 2 2
110 125 80
2 2 0 1 2 3 1 4 3
118 142 95
1 1 2 0 1 2 5 3 3
27 50 5
5 4 1 2 2 2 2 0 0
84 76 44
3 2 3 2 1 2 2 1 2
101 150 91
4 2 0 0 2 0 4 2 4
122 79 45
2 1 2 2 1 2 3 4 1
56 155 82
3 2 1 3 2 0 1 2 4
78 111 150
2 1 0 1 2 1 2 7 2
94 21 115
1 2 2 3 2 3 0 3 2
103 128 36
2 2 2 2 3 0 2 2 3
42 31 100
0 3 3 3 1 3 1 4 0
84 67 128
3 1 1 2 2 2 2 2 3
83 126 45
0 4 2 2 0 3 3 2 2
92 90 90
1 0 2 1 5 2 1 4 2
80 76 42
3 5 1 2 0 2 2 1 2
108 131 114
1 2 1 3 1 1 0 5 4
88 77 85
2 1 3 1 0 3 3 4 1
30 50 58
2 2 3 0 5 3 0 3 0
88 84 94
0 1 3 3 3 2 2 1 3
22 77 14
1 4 3 1 4 2 3 0 0
129 70 17
1 4 3 2 1 2 0 3 2
47 170 39
0 2 0 3 5 1 3 2 2
70 67 110
4 0 1 0 2 5 3 1 2
69 110 68
2 3 2 0 3 3 1 1 3
181 56 50
2 3 0 3 1 1 3 2 3
58 46 76
3 4 1 3 1 2 2 0 2
108 34 81
3 3 2 2 1 1 1 3 2
24 129 103
2 2 3 1 3 1 1 2 3
62 21 20
2 5 4 0 2 2 3 0 0
174 100 34
2 2 4 1 0 1 3 1 4
89 98 110
0 0 2 1 3 3 1 7 1
34 88 105
1 4 1 2 3 3 1 0 3
88 100 124
3 0 2 1 2 3 2 1 4
29 36 148
2 2 1 3 1 5 1 1 2
55 81 150
3 1 2 2 2 0 2 3 3
50 95 122
4 0 2 1 1 1 6 1 2
132 31 75
2 0 3 4 0 3 2 2 2
65 141 16
3 1 2 4 2 2 0 1 3
78 55 24
1 1 1 3 7 0 3 2 0
34 90 60
4 1 3 4 1 1 0 2 2
83 100 74
3 2 2 2 1 0 2 4 2
37 57 17
3 2 3 1 5 1 2 1 0
76 180 53
4 1 1 2 2 0 2 2 4
143 156 77
1 1 2 2 2 0 4 1 5
17 27 108
2 2 7 2 2 0 1 0 2
59 82 65
4 3 1 2 2 0 3 1 2
31 27 68
1 2 1 4 4 3 3 0 0
66 90 95
3 1 1 1 0 5 1 5 1
50 38 40
5 1 3 2 1 2 2 2 0
87 111 29
3 3 2 0 4 0 0 4 2
44 37 93
3 3 3 0 1 3 4 0 1
117 87 104
2 3 1 1 1 1 3 3 3
145 24 55
1 2 3 2 3 1 3 1 2
70 126 129
1 1 3 1 2 1 1 5 3
64 110 39
2 3 2 2 3 1 0 3 2
14 34 61
3 4 2 2 5 0 1 0 1
9 123 35
4 2 3 3 1 0 1 3 1
70 50 48
1 4 4 2 1 1 3 1 1
148 192 8
2 1 3 2 0 0 3 3 4
63 39 91
1 4 1 4 1 3 2 0 2
36 29 78
3 3 3 3 2 0 2 1 1
71 140 62
2 0 1 2 6 1 0 3 3
88 31 72
1 2 0 3 4 6 0 0 2
151 96 126
1 2 0 2 0 5 2 1 5
55 49 28
3 2 1 1 4 4 2 1 0
70 109 93
2 1 1 3 2 3 1 2 3
56 41 64
1 3 1 2 6 0 1 4 0
80 75 74
0 3 1 3 4 1 3 1 2
131 22 127
2 2 1 2 2 2 2 2 3
52 191 90
1 3 1 1 1 3 2 2 4
131 110 139
0 2 2 3 1 1 0 4 5
39 64 98
2 3 2 3 1 1 1 4 1
72 146 58
2 2 2 0 3 1 1 5 2
101 116 50
1 4 1 2 2 1 3 1 3
131 104 99
1 2 2 1 2 1 4 1 4
96 39 100
3 0 3 3 0 2 5 0 2
111 76 50
2 2 2 2 3 0 3 2 2
127 45 68
2 0 3 3 2 2 1 3 2
68 32 67
1 3 5 3 0 1 3 1 1
145 31 101
2 1 1 3 1 1 5 2 2
81 167 36
2 1 2 3 2 0 3 2 3
83 58 136
3 1 1 3 2 1 1 3 3
63 61 108
3 2 2 2 0 3 2 2 2
63 62 25
2 6 2 0 4 0 1 2 1
86 18 108
2 3 0 3 2 2 1 4 1
145 131 85
1 3 0 1 0 2 3 5 3
14 54 62
4 2 5 1 2 1 1 1 1
80 123 126
1 2 3 2 1 0 3 2 4
111 108 76
3 2 4 0 3 0 1 0 5
78 59 42
0 4 2 2 2 2 3 3 0
65 102 17
1 5 3 1 1 2 1 3 1
86 93 89
0 2 0 2 3 4 4 1 2
48 110 78
3 0 2 4 3 1 1 1 3
32 143 93
3 3 1 1 1 2 3 1 3
56 25 94
4 2 1 2 1 4 1 2 1
38 88 33
4 1 1 2 3 4 1 1 1
102 25 68
4 0 2 2 2 3 1 3 1
36 105 60
2 0 3 5 2 1 3 0 2
61 66 151
1 2 1 3 2 2 3 1 3
67 129 85
2 2 3 1 1 2 1 3 3
76 68 33
3 2 2 2 3 3 1 0 2
83 80 21
2 4 3 3 1 1 0 2 2
43 115 46
1 5 2 0 3 3 0 2 2
42 67 72
2 2 2 0 4 2 3 3 0
89 55 53
2 1 5 2 1 1 2 3 1
78 84 44
3 1 2 2 2 2 2 3 1
110 67 94
2 1 2 2 3 2 0 3 3
150 52 88
0 0 2 2 3 3 3 3 2
110 76 173
0 2 2 1 1 3 2 3 4
111 88 143
1 3 2 0 4 0 2 1 5
56 88 33
4 2 1 1 2 2 2 4 0
40 116 36
3 2 2 2 2 3 2 0 2
59 126 105
2 1 1 4 1 1 3 2 3
108 66 36
2 2 1 2 2 3 3 2 1
58 58 143
2 2 2 1 2 1 4 2 2
86 58 56
3 1 0 3 4 1 3 2 1
22 79 87
2 2 5 2 2 1 0 2 2
120 152 22
1 2 2 1 3 3 2 0 4
43 29 51
1 3 3 3 2 3 2 1 0
50 91 90
2 2 2 0 1 7 0 2 2
43 65 66
4 1 2 3 0 0 8 0 0
83 73 126
5 1 1 3 0 1 3 0 4
114 90 18
2 3 0 3 3 2 0 3 2
64 116 74
2 6 0 1 1 2 1 2 3
10 95 68
3 2 3 0 3 3 1 2 1
47 132 12
1 1 6 1 4 1 1 1 2
26 67 27
0 6 3 1 3 4 0 0 1
99 44 120
2 2 1 3 0 2 4 2 2
124 68 30
3 3 3 1 1 0 4 1 2
143 120 36
2 1 1 2 1 4 1 3 3
36 81 94
2 3 2 3 2 1 0 3 2
84 133 130
3 1 0 2 1 2 2 3 4
51 41 133
1 4 3 0 1 4 1 2 2
119 55 35
2 3 1 3 2 2 2 1 2
25 68 44
3 1 2 4 2 4 1 0 1
78 46 86
1 2 2 3 4 1 2 1 2
72 94 80
2 3 1 2 2 3 1 1 3
65 59 10
4 3 3 0 3 2 2 0 1
137 110 60
0 3 3 1 1 2 1 4 3
46 67 71
1 2 3 2 2 1 5 2 0
93 65 46
2 1 3 4 0 2 2 3 1
81 115 154
2 1 2 0 0 5 1 3 4
86 35 51
2 4 0 1 0 6 4 1 0
71 52 51
3 3 1 3 2 1 2 2 1
59 166 122
2 1 3 0 3 1 2 1 5
64 102 166
1 4 1 2 1 0 2 3 4
76 80 77
3 2 0 2 0 4 3 3 1
23 98 35
3 1 3 3 2 2 3 0 1
60 32 66
2 1 4 3 4 0 1 2 1
107 65 100
3 0 2 1 3 3 1 2 3
61 183 46
1 2 1 2 3 2 1 3 3
123 90 106
2 1 2 3 1 1 2 2 4
133 32 7
3 3 4 2 2 0 1 1 2
83 82 93
0 6 1 0 3 1 0 5 2
26 46 105
5 2 1 1 1 3 3 1 1
130 67 105
2 2 2 2 2 1 1 2 4
77 39 115
3 1 2 2 1 3 3 1 2
119 89 152
0 2 4 0 2 0 2 4 4
83 56 78
2 1 2 4 1 1 3 3 1
83 98 87
2 2 0 2 3 3 2 1 3
13 64 108
5 1 0 3 4 1 1 1 2
29 107 135
2 2 2 0 2 4 2 1 3
53 142 80
3 3 1 0 3 1 1 3 3
86 19 90
4 1 3 1 2 3 1 1 2
81 27 49
0 2 4 4 2 3 1 1 1
139 41 53
3 2 2 4 0 2 1 1 3
109 26 87
2 2 3 3 2 2 0 1 3
92 91 103
2 2 2 0 2 2 5 0 3
94 57 130
3 1 2 2 1 0 2 5 2
57 67 94
1 1 4 3 1 3 2 1 2
86 155 66
1 1 0 2 2 3 3 4 2
40 86 66
4 2 1 1 1 4 2 2 1
108 78 48
4 4 1 1 2 0 2 1 3
18 165 51
1 2 3 2 3 1 1 3 2
87 113 111
1 3 1 2 2 2 1 2 4
81 49 33
3 0 2 3 2 5 2 0 1
98 110 55
3 0 2 3 2 2 1 2 3
94 109 37
1 3 3 2 2 2 1 1 3
48 29 69
5 2 3 1 1 0 4 2 0
44 65 62
1 2 4 2 2 3 2 1 1
31 113 26
2 4 4 1 1 3 1 0 2
65 79 36
1 2 5 1 1 4 1 2 1
65 86 61
0 3 0 3 4 2 3 2 1
107 75 46
3 0 2 3 0 3 3 3 1
111 85 96
0 4 0 1 2 4 3 1 3
16 125 103
3 2 3 2 0 2 3 0 3
104 150 140
2 0 3 1 1 1 1 4 5
78 48 95
2 2 2 0 1 5 3 2 1
37 45 69
5 2 3 1 1 2 2 1 1
72 70 49
3 4 2 1 0 0 4 4 0
117 133 53
1 1 2 1 1 5 2 2 3
70 155 104
4 0 3 1 2 1 0 2 5
127 56 44
1 2 2 2 2 2 3 3 1
132 84 14
2 2 3 4 0 2 2 0 3
130 85 94
1 2 3 2 1 0 2 4 3
117 133 76
2 2 2 0 2 2 2 2 4
102 106 108
1 0 1 3 2 1 3 5 2
87 92 122
1 2 2 0 1 3 3 4 2
89 38 198
2 0 2 2 3 1 2 2 4
24 99 110
4 2 0 2 1 1 3 4 1
83 58 170
3 1 1 1 2 3 2 1 4
41 108 57
2 2 0 3 3 2 3 2 1
161 105 78
0 3 3 0 1 3 0 4 4
131 129 60
1 2 2 3 2 0 1 3 4
28 153 61
1 3 0 3 4 0 3 2 2
34 148 65
1 3 3 1 1 2 3 2 2
105 85 87
2 2 1 1 3 2 3 1 3
151 101 76
0 3 2 2 0 3 3 1 4
100 70 17
3 1 2 4 3 1 1 1 2
19 23 175
5 1 2 4 0 1 2 0 3
25 68 23
2 1 3 3 4 3 0 2 0
10 150 80
6 0 0 0 5 2 1 1 3
64 114 17
3 0 6 1 0 3 0 4 1
108 115 100
2 1 2 1 2 2 3 1 4
170 39 80
0 3 3 0 4 2 2 0 4
31 78 68
4 1 1 3 3 1 2 2 1
68 107 72
2 1 3 0 3 2 4 1 2
86 99 33
2 1 4 3 2 0 2 2 2
135 80 90
0 1 4 2 2 1 1 4 3
105 64 122
3 0 3 0 2 3 1 3 3
121 82 76
2 4 0 0 1 3 2 4 2
118 98 56
2 4 1 2 1 3 0 1 4
44 101 70
3 2 0 1 2 4 3 2 1
31 100 62
1 2 1 3 4 4 1 0 2
23 98 27
6 0 2 3 2 1 2 1 1
89 111 64
1 5 2 0 2 2 0 3 3
60 63 84
1 3 3 1 0 2 5 3 0
106 71 125
3 2 0 0 1 2 5 3 2
251 114 125
1 2 1 2 0 0 4 0 8
76 196 49
0 2 0 3 1 4 2 3 3
58 72 70
3 3 3 2 1 1 1 2 2
102 104 121
2 2 1 1 2 0 3 4 3
135 82 56
3 5 0 1 0 2 1 3 3
94 73 60
0 4 2 3 2 3 1 0 3
41 70 38
3 2 2 1 5 2 1 1 1
126 35 59
2 3 2 1 2 1 2 4 1
85 59 58
3 3 2 0 2 2 2 3 1
62 81 158
2 4 2 1 1 1 0 3 4
42 145 112
1 1 1 2 4 1 3 2 3
112 53 61
1 5 3 0 3 0 0 4 2
77 78 85
3 0 2 2 2 5 1 0 3
127 150 135
1 0 1 0 2 2 4 4 4
92 85 107
1 3 1 3 0 3 2 2 3
100 44 129
3 2 1 3 1 1 1 3 3
82 61 33
2 2 3 1 2 2 3 3 0
57 52 104
4 0 5 1 2 0 2 2 2
99 50 55
1 0 2 0 6 4 4 0 1
42 130 44
2 2 1 4 1 3 2 1 2
25 65 65
2 5 2 2 2 3 0 0 2
84 37 58
1 4 2 2 2 2 3 1 1
153 107 56
4 0 1 3 1 1 2 2 4
177 34 102
4 0 4 0 1 1 2 2 4
10 108 61
4 2 1 5 2 0 0 2 2
58 149 129
0 3 1 2 3 0 3 2 4
88 59 132
2 3 1 3 0 2 1 3 3
119 14 135
2 2 3 0 0 3 4 2 2
105 89 51
2 1 1 4 1 0 5 3 1
54 157 128
4 0 3 1 2 0 1 2 5
90 126 39
0 1 1 4 4 1 3 2 2
54 81 39
3 1 2 3 2 3 1 2 1
106 57 69
2 1 1 3 2 2 2 4 1
83 175 156
1 1 2 3 2 0 2 0 7
45 92 54
0 0 2 4 6 2 0 3 1
152 125 41
2 1 1 0 4 1 3 3 3
16 103 24
3 3 2 2 3 2 1 1 1
73 111 129
2 2 0 2 2 2 0 5 3
37 66 127
1 3 3 2 4 0 1 1 3
26 39 17
5 4 2 3 0 2 1 1 0
67 78 76
0 1 2 2 6 0 4 2 1
29 142 40
6 0 3 0 2 1 3 1 2
56 78 80
1 2 3 2 3 0 3 3 1
67 108 76
1 2 1 4 0 1 5 3 1
106 142 100
1 3 1 1 1 4 1 1 5
62 60 31
3 2 2 4 2 1 2 1 1
48 34 69
2 2 3 1 4 3 2 0 1
34 83 98
0 2 1 2 5 4 2 0 2
102 80 79
2 1 3 3 1 2 1 2 3
61 79 106
3 3 0 1 3 1 2 3 2
58 85 125
3 3 1 1 2 1 2 2 3
70 63 32
4 2 1 2 2 3 2 1 1
62 107 68
1 1 5 2 3 1 1 1 3
103 123 49
1 1 3 1 2 2 3 3 2
85 128 73
1 1 2 2 2 2 1 5 2
80 80 100
5 0 2 2 0 3 1 2 3
29 30 9
4 6 2 1 3 0 2 0 0
177 31 13
6 2 2 0 2 1 1 1 3
68 101 65
4 2 2 1 1 2 0 4 2
145 90 41
2 0 0 2 1 4 5 3 1
40 61 24
2 5 1 1 1 6 0 2 0
127 87 75
0 2 3 2 2 0 2 5 2
62 36 59
3 3 2 0 4 3 0 2 1
50 61 30
2 1 4 4 0 3 2 2 0
101 40 98
0 0 2 5 2 4 1 2 2
30 89 84
0 4 0 3 1 4 1 5 0
79 103 63
2 2 1 2 2 1 2 5 1
114 57 107
1 2 1 3 2 1 1 5 2
58 66 77
2 0 1 3 3 3 1 5 0
58 108 53
1 2 0 4 3 1 4 2 1
110 84 64
1 1 3 2 3 1 1 4 2
100 102 48
4 3 2 1 1 0 3 1 3
69 15 33
1 4 4 0 2 5 1 1 0
68 93 78
1 2 2 1 4 2 2 2 2
155 109 101
1 2 0 1 2 1 2 6 3
77 62 94
0 2 4 1 1 5 2 1 2
33 82 120
3 1 3 1 2 4 0 1 3
42 133 41
1 1 2 2 4 2 2 3 1
83 39 55
3 2 2 2 1 2 2 4 0
111 38 38
3 2 1 1 2 5 1 2 1
37 122 163
1 1 1 3 2 1 2 4 3
73 124 100
1 3 2 0 2 2 3 2 3
80 109 50
0 0 4 2 2 3 3 3 1
31 54 101
0 5 1 3 2 2 2 2 1
25 153 99
1 2 2 2 3 1 2 2 3
57 22 92
1 3 2 3 2 3 2 1 1
133 38 83
3 2 2 1 2 2 2 1 3
96 94 123
2 1 0 4 0 2 4 2 3
57 31 56
5 2 2 1 4 0 2 1 1
29 86 60
1 1 1 4 3 5 1 1 1
73 110 47
2 2 1 2 3 2 3 1 2
81 55 78
3 1 1 2 3 1 4 2 1
129 59 73
2 1 0 5 2 2 2 1 3
86 41 109
0 2 5 3 1 2 2 0 3
70 59 78
5 1 0 2 1 2 5 1 1
82 14 156
2 3 1 4 3 0 1 0 4
111 48 41
2 2 1 2 2 4 2 2 1
116 182 40
1 1 2 1 3 2 1 3 4
78 54 114
2 1 1 6 0 3 1 1 3
37 65 172
2 1 4 0 4 2 0 1 4
152 102 75
1 3 3 0 0 2 5 0 4
37 28 121
2 2 1 4 3 0 4 1 1
96 108 35
2 2 2 1 1 3 1 5 1
95 28 71
2 0 2 5 1 5 1 0 2
88 54 101
1 3 1 1 3 3 2 2 2
124 96 84
0 2 4 3 0 0 3 3 3
57 133 36
2 4 0 4 1 1 1 3 2
55 172 118
2 1 2 0 1 1 5 3 3
78 57 39
2 3 4 1 3 0 1 3 1
78 38 90
0 4 3 2 2 1 1 4 1
15 82 57
2 2 3 2 1 4 1 3 0
68 63 113
1 3 1 3 3 2 1 1 3
30 113 66
2 3 1 3 3 3 0 0 3
50 36 39
1 3 4 3 1 2 4 0 0
48 39 75
3 2 3 3 1 1 4 0 1
45 126 118
1 1 1 2 2 5 1 2 3
68 94 118
1 2 1 2 3 2 3 1 3
147 70 145
1 0 2 1 3 3 3 0 5
12 126 43
2 2 3 6 0 1 1 1 2
97 66 29
5 3 2 0 1 1 1 4 1
88 67 29
2 3 3 0 6 0 1 1 2
46 68 42
3 1 2 2 3 2 3 2 0
37 47 107
5 0 3 0 2 3 1 3 1
27 61 38
4 2 4 2 2 1 2 0 1
44 24 115
2 1 2 1 5 3 1 2 1
80 112 108
2 0 2 2 3 1 2 3 3
25 35 33
4 1 4 3 1 3 2 0 0
82 91 85
2 1 0 4 1 4 0 4 2
159 137 47
0 0 5 1 2 1 3 2 4
31 70 86
3 2 1 1 3 3 3 1 1
166 19 104
2 2 2 1 3 2 1 1 4
41 167 63
0 3 1 2 4 2 1 2 3
220 77 137
2 0 2 0 0 2 3 4 5
89 89 72
0 3 0 4 2 2 4 1 2
139 75 82
2 3 1 2 2 1 2 1 4
90 15 64
2 3 5 2 1 2 0 1 2
60 107 110
4 0 1 0 2 2 1 7 1
141 116 104
0 2 0 3 1 2 5 1 4
65 44 128
2 3 3 1 1 3 2 0 3
74 32 40
3 6 1 1 1 1 1 4 0
69 26 43
1 3 3 3 0 5 1 2 0
66 102 143
0 1 1 6 2 1 1 2 4
104 99 110
0 3 5 0 1 2 0 3 4
134 59 105
3 3 2 2 1 1 1 0 5
34 69 126
1 3 0 2 2 3 4 2 1
204 60 40
3 1 1 2 2 2 2 1 4
86 91 53
2 1 0 3 4 3 1 2 2
60 88 46
1 3 1 3 4 2 2 0 2
79 35 48
3 3 0 3 2 3 3 0 1
67 67 111
1 3 1 0 1 5 3 3 1
108 60 83
0 2 3 1 3 1 2 5 1
109 13 112
2 0 4 2 3 1 1 3 2
46 104 50
2 1 3 1 4 1 3 2 1
82 85 86
1 1 3 2 3 1 2 3 2
133 17 114
1 3 1 3 2 2 1 2 3
47 113 63
0 0 2 3 3 4 4 1 1
166 78 92
2 2 2 0 1 2 4 1 4
86 102 114
1 3 0 3 1 2 2 3 3
73 69 129
2 2 3 1 2 1 2 2 3
86 46 64
1 2 0 3 1 5 4 2 0
61 69 17
4 3 0 3 2 3 1 1 1
136 60 120
2 2 3 1 2 2 0 1 5
104 130 153
1 1 0 2 3 1 4 1 5
63 100 30
4 1 4 3 0 1 2 1 2
94 79 125
1 2 0 2 0 2 6 4 1
108 11 60
2 2 3 2 3 1 2 2 1
37 51 53
3 1 3 3 2 2 1 3 0
22 76 90
1 3 3 3 2 2 2 0 2
124 26 59
0 3 1 3 4 3 1 1 2
100 68 38
3 2 3 1 1 1 4 2 1
148 102 51
1 1 3 3 0 2 2 3 3
84 135 127
1 2 2 0 2 1 1 6 3
61 102 113
3 1 1 1 1 3 3 3 2
77 116 56
1 6 1 2 0 0 3 3 2
43 50 38
2 3 2 3 3 1 2 2 0
62 108 56
3 1 1 1 1 4 5 1 1
54 140 123
3 1 0 2 2 3 1 2 4
103 25 35
2 2 4 1 2 3 3 0 1
68 78 66
1 3 2 0 1 4 3 4 0
63 55 72
2 4 3 0 1 1 2 5 0
91 73 63
2 1 2 4 1 2 3 1 2
23 113 96
1 3 1 4 3 1 2 0 3
71 123 25
5 1 1 2 2 1 2 2 2
54 61 102
4 3 3 1 1 1 2 0 3
48 67 52
3 1 3 0 1 5 4 1 0
105 93 67
4 0 2 2 0 2 3 3 2
22 62 97
0 5 1 3 1 2 2 4 0
115 156 117
2 1 1 0 1 4 2 2 5
112 90 129
2 0 4 1 1 2 1 3 4
145 51 90
3 1 1 1 1 2 4 3 2
83 120 56
2 0 3 1 2 3 3 2 2
51 44 51
3 3 0 1 3 5 0 3 0
87 47 32
1 5 1 3 2 2 1 2 1
99 95 86
1 1 4 2 2 1 1 3 3
80 57 97
3 0 3 1 2 3 3 1 2
42 130 99
3 1 1 1 1 3 4 2 2
34 75 115
2 6 1 2 1 1 1 1 3
68 66 143
1 2 2 2 2 3 0 3 3
121 59 65
3 1 0 3 2 2 4 1 2
9 89 65
2 4 2 5 1 1 0 1 2
54 128 21
0 3 5 0 4 1 3 0 2
52 106 74
4 1 1 3 1 4 0 1 3
56 107 108
2 1 1 1 4 3 2 1 3
86 65 80
3 1 3 3 0 2 1 3 2
89 53 74
2 2 3 1 1 3 1 4 1
37 31 39
2 4 2 3 3 1 2 1 0
76 106 68
2 3 1 0 2 2 2 5 1
25 103 154
2 1 3 0 3 2 2 2 3
104 129 129
1 3 1 4 0 0 1 3 5
158 152 150
1 0 1 1 0 3 5 1 6
76 93 38
0 1 1 3 4 4 3 1 1
91 133 28
1 3 3 1 2 3 0 2 3
143 100 73
2 0 0 2 5 2 2 1 4
92 80 145
2 0 1 0 3 4 3 2 3
34 96 30
2 2 3 4 1 2 2 1 1
118 79 126
2 3 2 2 0 0 3 2 4
78 88 68
2 1 1 2 3 2 2 4 1
96 82 119
0 4 1 2 1 2 3 2 3
59 67 71
2 2 2 2 2 1 2 5 0
121 151 103
1 3 1 0 2 0 3 4 4
113 69 25
2 3 3 1 1 3 3 0 2
87 145 94
2 1 2 2 1 0 3 4 3
145 66 38
1 4 2 2 0 2 2 3 2
103 55 74
0 2 2 2 3 2 3 3 1
22 33 83
2 3 3 3 3 1 1 1 1
102 83 62
1 0 2 1 2 5 4 2 1
120 78 60
3 0 1 2 4 3 0 2 3
57 51 68
1 5 3 0 1 4 1 2 1
53 47 53
2 0 3 4 3 1 3 2 0
96 95 46
4 1 1 3 0 2 4 1 2
38 78 35
1 2 3 1 4 3 2 2 0
122 31 115
1 0 2 3 3 1 4 2 2
80 52 118
4 2 0 1 1 1 4 4 1
118 65 95
2 1 2 1 1 3 3 3 2
84 60 61
1 3 2 1 3 2 3 2 1
52 107 24
3 1 2 1 4 2 3 1 1
78 69 53
2 2 2 3 2 1 2 3 1
70 61 61
2 3 2 0 5 2 2 0 2
83 147 69
2 1 4 0 1 0 3 5 2
72 6 63
4 2 3 1 1 3 1 3 0
60 46 60
2 2 2 5 1 4 0 0 2
42 71 79
1 5 3 2 1 2 0 2 2
115 78 86
2 2 1 0 4 1 1 5 2
47 85 115
1 2 3 3 2 2 0 2 3
30 86 71
2 3 1 4 1 4 0 1 2
85 108 134
1 3 0 3 2 1 1 3 4
85 132 94
0 0 4 1 2 2 1 6 2
83 171 74
2 3 1 1 0 3 2 2 4
108 107 28
1 2 4 1 2 1 3 2 2
43 79 98
1 1 3 1 1 5 4 1 1
88 103 220
0 1 1 1 3 2 1 4 5
71 72 119
2 4 0 1 2 1 3 3 2
16 121 107
3 2 2 1 2 3 1 1 3
68 43 120
3 0 1 3 3 3 0 3 2
52 102 103
0 4 1 2 2 2 2 3 2
60 16 100
2 3 2 3 3 0 1 3 1
21 77 102
4 5 1 1 2 1 1 0 3
113 83 74
3 3 2 1 1 1 1 3 3
95 88 36
2 1 1 2 1 3 5 3 0
109 67 115
0 3 4 0 1 3 1 3 3
86 67 65
3 1 2 1 4 2 1 2 2
97 87 77
1 2 2 0 3 5 2 0 3
76 61 86
1 2 1 3 2 3 1 4 1
76 82 174
2 4 0 1 2 0 2 3 4
125 172 65
2 0 1 0 3 1 3 5 3
15 77 76
3 2 2 4 1 1 3 1 1
47 34 21
5 2 2 2 3 1 2 1 0
64 92 41
1 4 1 2 2 2 4 1 1
170 105 33
6 1 1 0 1 1 2 2 4
34 100 27
3 4 0 4 0 3 2 1 1
57 30 45
5 1 1 3 3 1 1 3 0
86 135 130
1 1 1 1 3 2 3 2 4
5 78 53
8 1 1 1 3 0 2 1 1
160 88 180
0 0 1 2 3 1 1 5 5
102 36 137
3 0 2 2 0 3 3 3 2
14 45 103
3 4 2 3 1 0 2 2 1
28 105 61
1 3 4 1 1 3 1 3 1
29 51 117
1 2 3 3 0 2 3 4 0
141 89 102
0 3 0 3 2 2 2 2 4
84 57 102
2 1 2 1 4 1 4 1 2
38 18 96
1 6 0 2 3 3 1 1 1
67 80 190
0 1 1 3 1 2 5 2 3
100 68 78
3 3 0 1 3 1 2 3 2
43 76 137
3 4 1 0 1 3 2 1 3
151 68 57
2 2 0 3 3 0 0 6 2
110 81 98
2 2 1 0 2 2 4 3 2
83 119 53
1 2 3 4 1 1 1 2 3
163 142 127
2 0 2 1 1 3 2 0 7
86 80 86
2 2 2 2 2 0 4 2 2
55 29 29
2 4 3 1 3 2 2 1 0
95 41 28
2 2 2 1 5 2 3 0 1
165 52 55
3 0 2 1 2 2 3 3 2
75 41 87
3 0 4 0 4 1 2 3 1
132 60 92
1 2 3 2 1 2 1 3 3
161 35 110
0 3 2 3 2 0 4 0 4
30 77 92
0 2 3 2 3 3 2 2 1
88 202 88
1 4 2 0 0 1 3 2 5
65 45 46
3 2 3 1 1 2 6 0 0
36 39 52
4 2 2 2 2 2 3 1 0
16 63 41
1 4 2 4 3 1 0 3 0
58 34 67
3 3 2 4 2 1 1 0 2
98 47 101
0 3 0 1 5 4 0 3 2
79 195 132
2 4 1 0 1 0 1 3 6
105 108 54
1 2 2 2 1 3 1 4 2
47 61 47
2 2 1 2 4 3 1 3 0
152 52 66
1 2 2 3 0 4 2 1 3
23 103 69
3 3 2 1 1 2 3 2 1
59 64 115
2 2 0 2 2 2 5 2 1
63 98 12
2 2 4 1 2 2 4 0 1
139 93 41
1 3 2 2 1 3 0 3 3
76 95 137
1 1 1 0 5 4 2 0 4
76 95 102
2 3 0 0 3 0 4 5 1
61 64 161
2 2 3 1 0 3 1 3 3
57 38 107
1 3 2 5 1 1 2 1 2
59 27 72
2 4 1 4 2 1 1 2 1
53 88 60
1 1 1 1 3 7 3 0 1
64 86 44
4 2 2 1 0 1 5 3 0
41 83 76
2 2 4 0 3 1 2 3 1
132 93 21
2 1 2 2 4 2 1 1 3
124 67 106
1 2 0 5 0 2 3 2 3
36 68 85
1 1 1 2 3 5 2 3 0
71 144 30
2 2 1 2 3 3 2 0 3
34 109 77
2 1 2 5 1 1 3 1 2
73 104 95
2 1 3 0 3 1 2 4 2
85 88 98
1 1 2 2 2 3 1 4 2
123 83 64
2 1 1 4 1 3 1 2 3
87 51 85
0 3 3 3 0 2 3 3 1
96 43 39
3 1 3 2 2 2 3 1 1
21 98 158
5 0 0 4 2 1 1 1 4
12 125 91
3 3 1 1 4 1 2 0 3
141 120 39
1 2 0 1 4 3 1 3 3
100 36 83
3 1 1 2 2 5 0 2 2
60 95 100
3 0 2 2 1 3 3 2 2
67 62 46
5 2 1 2 2 1 1 3 1
9 89 67
2 3 6 0 2 2 1 0 2
170 89 54
1 1 2 1 1 4 3 2 3
143 100 83
2 1 1 1 2 3 4 0 4
53 35 74
2 2 2 2 4 3 0 2 1
107 87 110
4 2 1 0 4 1 1 0 5
51 64 102
2 1 3 0 3 3 2 3 1
66 113 106
2 2 0 1 2 3 2 4 2
63 13 175
6 1 1 1 2 1 0 3 3
60 36 79
4 3 3 2 1 1 1 1 2
187 85 32
1 0 4 2 3 1 2 1 4
128 116 34
0 3 1 1 3 2 3 3 2
22 65 83
4 2 1 2 2 3 1 2 1
98 12 57
3 2 1 1 5 2 2 1 1
116 22 45
4 3 1 1 2 4 0 1 2
150 48 88
1 2 2 0 1 6 2 1 3
30 63 195
2 1 2 1 1 4 3 1 3
66 107 13
3 3 2 3 2 1 0 2 2
63 37 78
1 4 4 2 1 1 1 3 1
13 111 30
4 5 2 0 2 1 0 3 1
31 132 72
3 3 2 1 2 0 2 3 2
64 58 37
0 1 3 4 2 4 2 2 0
82 32 113
2 2 1 1 2 4 1 4 1
54 46 125
2 2 1 2 3 2 4 0 2
72 20 27
2 4 3 3 2 2 1 0 1
27 160 146
1 3 1 1 0 4 3 1 4
99 88 60
2 2 3 3 2 0 1 2 3
111 106 103
2 3 1 0 2 2 3 1 4
40 47 44
3 2 1 4 1 4 1 2 0
85 146 113
3 0 1 4 0 2 3 0 5
53 75 75
4 4 0 3 1 0 3 1 2
64 36 108
1 2 2 4 3 0 0 5 1
26 123 32
1 3 3 4 0 2 2 2 1
38 48 90
3 3 1 2 1 4 1 2 1
58 98 81
3 2 2 2 0 3 1 3 2
75 131 60
4 3 1 2 2 0 1 1 4
125 111 73
2 1 1 2 2 2 1 4 3
40 66 58
2 4 2 2 2 2 1 2 1
25 98 69
4 2 2 2 2 1 3 0 2
57 26 41
1 1 2 3 4 5 2 0 0
54 80 11
1 2 2 3 4 2 2 2 0
130 50 87
1 4 0 1 3 1 3 3 2
65 36 62
1 2 4 1 4 1 1 4 0
34 98 57
4 1 1 2 2 3 2 2 1
52 93 48
1 1 2 1 6 2 3 1 1
101 115 91
3 2 0 0 3 1 4 2 3
68 115 69
3 1 1 3 2 3 0 2 3
108 88 99
1 2 1 2 2 1 2 5 2
86 106 60
2 2 1 1 4 1 2 3 2
83 78 44
1 5 2 2 2 1 1 2 2
80 63 43
3 0 0 2 3 7 1 1 1
18 53 85
2 0 2 4 4 2 0 4 0
50 122 81
2 2 4 1 2 1 1 2 3
130 59 29
3 2 0 2 2 5 0 2 2
72 45 67
1 2 3 2 4 1 2 2 1
44 106 101
2 4 2 1 2 1 1 2 3
39 36 117
1 2 3 3 1 1 3 4 0
119 109 21
0 2 1 5 4 1 0 2 3
53 40 73
3 3 1 2 3 2 1 2 1
71 65 75
3 0 2 4 2 2 2 1 2
93 90 39
2 2 2 2 1 4 2 1 2
157 104 70
2 0 3 0 2 2 1 5 3
63 95 56
1 2 3 2 1 1 3 5 0
61 43 81
4 2 0 1 4 2 2 2 1
87 14 55
4 1 1 1 1 6 3 1 0
72 63 122
3 1 4 1 1 4 0 0 4
79 92 130
2 2 0 3 2 3 0 2 4
125 132 112
3 0 2 0 0 2 6 1 4
76 80 71
2 1 1 3 2 1 1 7 0
7 42 33
3 4 4 0 4 1 2 0 0
57 88 91
0 1 2 2 4 4 2 1 2
84 58 106
2 3 1 1 2 2 3 2 2
43 126 97
2 3 0 1 3 3 2 1 3
99 27 136
2 4 0 1 2 3 2 1 3
79 100 134
0 0 4 5 0 2 1 2 4
62 38 32
0 5 3 2 5 0 2 0 1
59 22 24
1 2 2 3 7 1 1 1 0
109 76 102
2 4 0 1 1 1 2 5 2
28 126 23
2 1 2 4 1 4 2 1 1
66 112 110
2 2 1 3 1 1 3 2 3
77 71 173
2 3 0 1 3 1 2 2 4
101 71 86
2 3 0 0 4 4 1 1 3
70 28 75
3 4 0 3 1 2 3 1 1
72 150 141
2 1 1 0 2 2 4 2 4
109 60 61
1 2 2 3 0 3 3 3 1
82 78 33
4 2 1 3 3 0 2 1 2
116 79 132
1 1 5 2 1 1 1 1 5
99 180 125
1 1 1 2 2 0 3 3 5
63 83 71
2 1 2 4 0 1 2 6 0
124 92 92
1 0 5 1 0 3 2 3 3
32 50 23
6 0 2 2 4 1 2 1 0
109 77 25
2 1 6 1 0 3 2 1 2
129 38 97
2 1 2 3 0 5 0 2 3
92 103 152
1 1 4 1 0 2 2 3 4
74 107 67
1 0 4 0 4 3 2 2 2
79 33 74
3 6 1 1 1 0 1 4 1
125 49 65
0 2 2 1 3 2 6 1 1
50 63 16
3 2 3 2 1 4 1 2 0
90 135 71
3 1 1 1 3 3 1 1 4
163 87 85
0 3 0 4 0 3 2 2 4
69 195 51
1 2 0 1 1 6 1 3 3
109 85 67
2 2 1 4 3 1 1 0 4
78 61 92
2 3 1 2 1 3 3 1 2
114 92 78
1 1 5 1 0 2 0 6 2
58 59 22
4 3 1 3 2 2 1 1 1
99 69 94
1 2 0 5 1 2 1 4 2
60 42 68
1 1 5 3 0 2 4 2 0
107 80 102
1 0 3 1 1 4 3 3 2
81 93 34
1 6 2 1 2 1 0 3 2
134 73 110
1 0 3 2 2 2 0 5 3
57 61 57
4 1 4 2 3 0 1 1 2
107 92 57
2 2 2 0 3 2 2 3 2
156 211 127
0 2 2 1 0 2 2 1 8
24 38 131
1 4 0 3 2 3 2 2 1
92 56 37
2 0 2 2 5 2 4 0 1
91 51 113
1 3 2 1 2 1 5 1 2
72 114 86
0 2 2 2 2 2 4 2 2
54 34 81
2 2 3 2 4 0 3 1 1
74 17 50
1 3 5 1 2 4 0 1 1
136 133 62
1 2 0 3 1 2 1 5 3
134 51 67
1 4 1 2 1 4 1 1 3
82 39 121
1 2 2 2 3 0 2 5 1
50 39 69
1 4 0 3 3 1 6 0 0
54 85 19
1 2 4 1 5 1 3 0 1
31 33 51
1 5 2 2 3 2 2 1 0
132 23 132
0 0 4 3 2 2 2 2 3
122 19 103
2 2 3 2 1 1 2 3 2
103 172 112
1 1 3 0 1 1 2 5 4
33 92 48
5 2 3 0 1 2 2 2 1
170 117 136
2 1 1 0 2 2 2 2 6
63 147 77
1 0 3 2 3 1 5 0 3
75 43 35
3 2 3 0 3 4 2 0 1
110 142 143
0 1 3 1 2 1 2 3 5
47 107 32
1 3 2 3 1 3 3 1 1
55 68 56
2 1 1 2 4 4 3 0 1
83 46 72
2 2 3 1 2 2 3 2 1
105 86 140
1 1 1 1 2 2 6 1 3
14 62 77
2 1 5 4 2 0 1 2 1
64 39 38
3 3 1 2 2 3 2 2 0
48 65 46
2 1 2 3 2 4 1 3 0
68 72 46
0 3 3 4 2 3 0 1 2
129 19 70
1 3 2 2 3 2 1 2 2
63 81 68
1 2 1 1 2 4 4 3 0
107 178 50
3 0 1 1 0 4 2 4 3
88 104 41
0 3 2 2 4 1 2 2 2
7 43 81
7 3 0 1 2 2 1 1 1
43 145 63
2 1 1 1 4 2 4 1 2
140 56 60
4 1 0 0 1 4 3 4 1
43 108 80
3 1 1 1 1 4 4 2 1
82 50 22
5 2 1 0 5 1 2 1 1
86 85 115
0 5 1 3 0 3 2 0 4
81 103 59
3 3 2 2 1 1 2 1 3
46 12 70
2 3 1 1 4 5 0 2 0
55 13 87
4 4 0 2 2 2 2 1 1
107 66 66
3 1 1 2 5 1 1 1 3
102 84 33
2 6 2 3 0 0 0 2 3
77 56 85
3 3 1 1 1 2 3 3 1
97 74 125
2 3 1 2 0 2 2 3 3
69 48 59
3 2 3 1 3 3 1 0 2
57 76 30
3 1 2 1 3 3 3 2 0
55 10 166
3 4 2 1 2 1 0 2 3
98 116 125
1 1 1 2 3 4 0 1 5
40 85 49
4 4 1 1 1 2 2 2 1
67 65 19
3 6 1 1 2 3 0 0 2
40 31 145
1 1 2 2 3 5 2 0 2
180 94 24
1 2 0 2 3 3 1 3 3
93 131 92
2 1 1 1 1 4 2 3 3
149 26 107
2 1 3 0 3 2 2 2 3
30 70 82
3 5 0 4 0 0 2 3 1
116 95 41
1 3 2 0 3 2 3 2 2
61 116 113
0 3 2 1 2 3 2 2 3
36 98 81
2 3 2 1 3 2 1 2 2
38 114 67
3 1 1 2 3 3 2 1 2
50 105 83
1 3 2 2 3 0 3 2 2
66 67 32
4 2 1 2 2 3 2 1 1
47 79 25
5 0 4 1 2 3 0 2 1
136 74 42
2 2 1 1 2 2 2 5 1
39 84 58
2 0 0 7 4 0 2 2 1
21 78 86
3 2 2 3 1 2 1 3 1
20 100 100
4 1 1 4 1 1 2 2 2
86 80 68
2 2 1 0 1 3 6 3 0
20 58 92
1 2 3 4 2 0 2 4 0
76 95 64
1 1 0 3 4 1 6 1 1
93 80 130
1 4 1 4 0 1 0 3 4
39 160 55
2 3 0 2 2 1 5 1 2
57 27 26
7 3 2 1 1 2 0 1 1
81 81 152
3 1 1 2 1 3 1 2 4
155 61 128
1 0 0 3 1 2 3 6 2
79 28 57
1 1 2 3 4 2 3 2 0
118 57 37
3 2 2 2 4 1 1 0 3
158 102 60
1 1 3 1 1 2 3 3 3
109 33 60
1 0 4 3 1 4 2 2 1
111 81 84
0 2 1 4 4 2 1 0 4
50 40 35
4 5 1 1 2 1 1 3 0
135 60 97
3 0 2 1 2 2 4 1 3
88 28 34
5 3 2 1 1 2 2 1 1
124 155 85
0 4 1 1 2 1 3 1 5
64 127 71
3 4 1 2 1 0 1 3 3
110 55 112
0 2 1 1 4 2 4 2 2
93 79 36
1 0 5 1 3 2 3 2 1
54 101 113
1 3 1 1 4 2 1 2 3
132 145 87
1 2 1 0 3 1 3 3 4
57 115 95
0 2 1 1 2 3 6 2 1
163 83 107
2 1 4 3 0 1 0 1 6
43 57 66
2 2 0 3 6 1 2 1 1
88 65 104
1 4 1 2 0 3 2 3 2
93 57 80
0 1 3 1 4 3 1 4 1
73 112 43
2 0 1 2 5 3 2 1 2
109 112 130
2 0 4 1 3 0 0 3 5
78 151 37
3 1 0 5 2 0 2 2 3
14 162 54
2 0 7 2 1 1 1 1 3
155 72 31
2 3 0 0 3 3 3 2 2
63 41 79
2 2 1 3 3 2 3 1 1
30 31 41
4 2 6 1 2 0 0 3 0
82 81 68
2 1 1 1 4 2 3 3 1
102 94 15
0 2 2 5 1 2 2 3 1
23 98 98
3 2 2 1 2 3 1 2 2
43 138 33
2 1 2 3 3 2 2 1 2
31 91 43
1 3 3 2 3 2 2 1 1
62 78 54
2 3 2 4 0 1 2 3 1
72 70 73
4 1 2 0 2 2 4 2 1
174 78 82
2 1 1 2 1 1 3 4 3
108 51 46
1 2 1 2 4 3 1 3 1
57 34 74
1 4 1 3 2 1 4 2 0
18 59 77
2 1 6 2 1 3 0 2 1
126 108 28
0 3 3 1 0 4 3 2 2
65 83 75
2 0 2 3 1 4 2 3 1
100 66 20
3 1 2 2 3 2 2 2 1
54 83 126
2 2 3 0 4 0 3 1 3
109 25 45
2 2 3 2 1 4 1 2 1
59 29 121
4 2 2 1 3 0 3 1 2
38 98 135
2 1 1 1 3 2 4 2 2
137 28 57
1 0 4 3 2 1 3 3 1
112 66 96
2 3 0 2 3 1 2 2 3
92 123 83
2 2 3 0 2 1 1 4 3
13 99 58
4 4 1 3 2 0 1 1 2
105 105 30
2 3 2 1 1 3 1 3 2
46 80 148
2 0 0 3 2 4 2 3 2
115 121 82
3 1 1 0 1 3 4 2 3
48 156 25
2 6 0 1 2 2 2 0 3
43 130 43
3 4 1 0 1 4 2 1 2
89 20 96
3 2 1 2 1 4 0 4 1
71 108 57
1 1 1 1 3 4 5 1 1
56 66 94
2 2 0 3 3 1 4 2 1
42 77 106
5 2 4 0 1 0 3 0 3
113 59 64
1 2 0 3 2 3 3 3 1
65 85 128
1 4 3 1 0 2 1 3 3
106 125 143
2 1 1 2 1 2 2 2 5
110 69 36
1 1 4 2 3 2 2 1 2
30 119 175
1 1 2 3 1 2 3 1 4
92 62 68
1 4 1 2 2 3 1 2 2
15 41 33
3 3 2 4 3 1 1 1 0
83 84 122
1 2 2 1 3 0 2 5 2
168 149 68
2 1 0 3 1 1 3 2 5
55 90 41
3 3 1 2 3 2 2 0 2
141 70 49
1 4 3 0 1 1 3 3 2
107 91 70
2 1 1 5 1 2 0 3 3
57 140 67
1 2 1 0 3 2 5 3 1
66 174 49
1 2 3 2 2 2 1 1 4
111 87 183
1 1 0 5 1 2 2 0 6
11 128 65
2 1 5 1 4 0 1 2 2
147 83 30
0 3 7 1 0 0 2 2 3
28 44 126
2 2 4 1 0 4 1 3 1
52 63 124
1 2 4 3 0 3 2 0 3
56 122 59
3 1 5 2 1 0 2 1 3
59 59 77
3 2 2 3 1 1 2 3 1
47 85 137
0 0 4 2 3 3 3 0 3
79 130 45
3 1 4 0 1 2 1 4 2
65 111 118
0 4 1 1 3 2 0 4 3
100 82 108
2 0 3 3 1 1 3 2 3
75 153 79
2 1 3 0 1 5 1 1 4
137 116 135
0 0 2 3 1 3 2 2 5
160 83 14
3 2 1 1 3 2 2 1 3
73 118 43
1 3 3 0 3 2 2 2 2
19 32 111
2 3 4 2 1 2 1 2 1
65 83 81
2 3 0 2 0 5 1 4 1
46 63 91
3 3 2 1 0 3 3 2 1
68 73 108
2 3 1 3 1 1 1 4 2
82 81 85
2 1 3 2 2 1 2 3 2
97 48 28
3 2 3 0 3 3 1 2 1
77 41 78
4 1 0 5 2 1 3 0 2
49 56 44
4 4 2 2 0 2 2 1 1
99 72 36
1 2 3 3 3 1 2 1 2
135 85 38
1 0 2 3 2 2 2 5 1
130 92 37
1 1 1 2 0 6 2 4 1
86 67 38
1 1 4 4 4 0 0 2 2
38 54 86
3 2 2 4 1 1 1 3 1
48 156 128
0 2 1 1 2 5 2 1 4
107 35 81
3 2 1 3 2 1 2 2 2
112 99 99
1 2 1 2 0 2 4 4 2
75 53 72
5 0 1 1 3 2 3 2 1
36 46 14
2 3 3 4 2 2 1 1 0
92 56 69
2 2 2 2 2 3 2 1 2
87 115 40
2 1 4 1 4 1 0 2 3
19 98 17
5 3 1 3 1 2 1 1 1
58 66 28
2 3 3 1 2 2 3 2 0
17 87 53
2 1 2 4 3 3 1 1 1
69 28 18
2 3 3 2 6 0 1 0 1
62 88 56
2 2 1 4 1 2 2 3 1
94 7 63
3 3 4 1 3 1 0 1 2
150 103 56
3 4 0 0 1 1 2 4 3
127 63 48
2 5 0 1 2 2 0 4 2
125 118 82
0 2 5 1 1 0 4 1 4
61 18 101
3 2 2 3 2 1 1 3 1
44 122 33
3 2 2 1 2 3 0 4 1
77 105 62
1 4 1 1 3 3 2 0 3
119 78 15
3 2 3 3 1 2 1 0 3
75 181 38
2 2 3 2 1 1 2 1 4
59 111 51
3 3 0 1 2 2 3 3 1
98 37 81
1 2 0 3 1 4 3 4 0
94 49 87
0 3 2 1 3 2 3 3 1
76 80 134
1 2 1 2 3 4 0 1 4
54 96 122
2 2 1 1 1 2 2 6 1
45 61 41
0 4 3 4 2 2 1 1 1
30 83 26
4 1 2 3 3 2 2 0 1
103 128 124
0 3 2 1 1 4 0 2 5
39 55 52
0 4 3 2 3 1 4 1 0
64 110 91
3 3 1 0 1 4 2 1 3
90 77 77
0 0 2 0 7 2 3 3 1
134 92 102
1 2 1 3 1 2 2 2 4
67 82 83
1 2 2 2 2 2 2 4 1
182 85 90
0 2 2 2 1 3 3 0 5
101 111 36
0 2 2 4 3 0 2 3 2
123 47 42
3 1 4 1 1 3 2 1 2
66 99 25
4 4 1 3 0 1 2 1 2
24 70 86
2 2 2 3 1 3 4 0 1
111 79 129
1 3 1 3 0 1 1 5 3
40 38 44
2 2 3 3 3 2 1 2 0
70 54 97
4 3 0 1 2 2 3 1 2
134 79 14
3 2 5 0 2 1 1 1 3
71 200 97
3 1 1 0 2 2 3 1 5
10 55 32
2 4 3 4 2 0 2 1 0
56 79 107
1 4 2 3 2 0 2 1 3
76 107 55
4 2 4 1 0 1 2 1 3
48 71 125
3 2 1 0 4 1 3 2 2
72 55 88
3 1 1 4 2 2 1 2 2
39 60 123
4 0 1 5 1 1 2 2 2
104 126 8
1 4 4 2 1 0 2 1 3
97 46 98
1 1 2 2 1 3 6 1 1
95 70 83
1 2 4 1 2 1 2 3 2
152 136 30
2 5 0 1 2 1 2 0 5
135 58 58
3 0 0 2 2 5 3 1 2
122 51 103
2 3 4 0 1 0 3 2 3
66 101 84
1 2 4 2 0 1 5 1 2
45 131 45
1 4 3 2 1 1 2 2 2
70 33 21
1 2 1 5 5 3 0 0 1
76 75 36
3 2 2 2 3 2 2 0 2
108 75 119
1 3 0 3 1 2 2 3 3
117 58 100
1 0 3 3 3 1 3 1 3
60 21 108
4 0 1 4 1 3 2 2 1
147 69 83
0 2 3 2 3 1 3 0 4
34 38 77
2 4 3 3 1 1 2 1 1
82 11 102
1 2 4 0 3 2 5 0 1
135 107 95
2 0 2 1 2 3 2 2 4
70 70 80
4 0 1 1 3 3 1 4 1
40 113 43
0 3 1 7 2 1 0 2 2
114 96 83
1 2 1 3 4 1 0 2 4
104 80 27
4 3 1 2 2 0 2 2 2
88 82 21
4 1 1 1 5 2 2 0 2
30 71 68
4 2 2 1 4 2 1 0 2
45 132 19
2 2 3 1 2 3 1 3 1
118 22 109
0 3 1 3 4 2 1 1 3
65 98 63
2 1 2 2 0 4 5 1 1
63 45 173
4 0 0 2 2 1 4 3 2
158 71 77
2 1 1 1 3 2 2 3 3
19 171 42
2 4 1 2 1 2 1 3 2
142 123 47
2 2 1 1 3 2 1 2 4
98 37 35
1 2 3 4 1 1 3 3 0
137 123 96
0 1 2 2 2 2 2 3 4
33 98 64
1 2 1 2 4 2 1 5 0
54 12 101
1 3 5 3 0 1 3 1 1
77 80 87
0 0 3 1 2 5 5 1 1
145 24 70
1 1 4 0 4 2 2 2 2
43 115 66
3 2 1 5 0 3 0 1 3
88 96 52
3 0 4 1 2 1 4 1 2
66 73 112
1 2 3 1 3 3 1 1 3
83 129 51
3 2 1 3 0 1 2 4 2
108 32 65
4 0 2 2 4 1 2 1 2
75 42 173
3 0 2 2 2 1 3 2 3
77 128 87
3 0 2 1 4 0 2 3 3
56 45 14
3 1 4 2 4 1 1 2 0
41 70 163
1 1 2 3 2 0 5 2 2
35 66 50
3 1 3 3 2 1 2 3 0
139 138 96
2 2 0 2 2 1 1 3 5
28 19 110
2 1 1 3 6 2 1 1 1
10 14 141
4 4 3 0 2 2 0 1 2
64 115 93
1 1 1 3 3 1 3 3 2
40 63 36
2 2 3 2 2 4 0 3 0
52 27 61
7 1 2 0 1 4 2 0 1
84 18 16
3 4 4 2 0 3 1 0 1
64 98 77
4 2 3 2 0 1 2 1 3
43 54 76
2 2 5 2 2 0 1 3 1
13 46 107
6 1 3 3 1 0 1 1 2
27 104 122
2 3 2 2 1 2 2 1 3
80 149 48
3 2 2 2 1 0 3 2 3
240 76 37
1 2 4 1 1 0 3 1 5
89 110 11
2 1 3 1 3 2 2 3 1
36 64 69
0 1 3 4 2 3 3 2 0
86 8 22
3 1 4 4 2 1 0 3 0
77 56 65
2 5 0 1 3 1 2 3 1
7 102 73
2 2 3 3 2 3 0 1 2
143 61 80
4 1 1 2 1 1 3 2 3
122 24 38
1 1 2 3 6 2 1 0 2
82 104 90
1 5 1 3 0 1 0 4 3
53 53 72
0 1 5 4 2 1 3 1 1
200 63 26
0 3 3 0 1 4 3 1 3
58 107 56
0 2 3 1 2 4 3 2 1
66 177 81
1 2 2 1 2 0 4 3 3
78 150 79
2 1 2 4 1 0 3 1 4
44 102 35
1 2 2 5 2 1 2 2 1
97 147 70
1 1 2 3 1 3 2 1 4
167 82 52
4 0 3 0 2 2 2 1 4
100 124 82
0 3 2 3 1 2 2 1 4
113 94 101
2 2 3 0 3 1 0 3 4
84 121 13
4 4 2 0 0 2 2 2 2
41 77 6
4 3 2 4 1 1 2 0 1
100 96 15
4 2 2 0 1 2 4 2 1
17 69 78
0 6 2 3 3 1 1 0 2
88 27 89
1 1 2 3 3 2 4 1 1
72 13 123
1 1 4 3 3 1 2 1 2
