10000
1
1000000
2
999999
3
999998
4
999997
5
999996
6
999995
7
999994
8
999993
9
999992
10
999991
17618
160657
459288
304687
902439
50279
201461
772927
335408
284883
450520
202524
350812
889204
335245
903043
92373
591275
722619
771176
299026
864447
56017
290001
987630
979010
508727
527587
715302
420713
659304
732920
97721
118592
553958
516512
168870
755418
805790
20629
556653
772661
223153
423816
661865
558397
326858
754237
666023
49477
525412
481400
430275
581428
771401
417904
560437
280127
945490
792091
217192
121146
525010
314912
239737
78967
347775
408606
350736
153565
429235
907388
926225
168739
331204
588089
243487
174413
858677
909509
223889
900440
390909
170515
998220
162309
588418
558656
442435
50260
867098
175978
171405
908459
490890
411141
503777
838664
336098
854513
508580
765332
278252
434805
450422
609455
539245
693908
300220
914274
603417
40460
814713
994325
210975
812932
672985
799392
887940
631771
849651
755037
807749
537407
663496
814990
948547
167272
170005
284645
538136
678585
566328
816388
629741
16750
425842
685337
710657
726061
599610
830425
766521
414323
341101
493847
227254
14085
293238
631545
162208
659241
386582
969956
196647
566429
301297
661546
733700
471301
462542
271836
666237
28869
604575
295977
561970
30416
981314
788979
272829
97275
619403
555701
511597
960504
565899
255203
490940
859136
403099
653147
34728
789680
139454
231375
356108
440750
409272
606160
428403
871813
394347
94639
417033
998921
390616
979003
545688
888281
284333
334868
985555
903735
406920
13504
380590
972818
785058
387882
348306
188156
557380
383033
494188
696834
130759
366647
653935
540030
489158
82337
928194
883504
693328
345227
398776
600295
840581
460816
488575
124913
312035
990481
544999
718955
520336
925589
208124
821745
829822
556429
9901
387201
939462
20440
600386
586572
387086
770673
126602
876244
853009
571147
276099
62688
916373
191227
662982
756953
652042
667908
881865
964076
174741
426864
199382
695076
868804
407506
33173
698625
963934
559425
602177
419747
579864
202563
6319
483301
973235
649272
359544
342595
220418
151995
405283
653143
859573
68264
410095
511614
736172
808312
992041
427264
751527
707775
638691
620330
115280
671863
835306
595565
231287
437482
15312
327502
156396
537982
810803
129630
703605
170346
988577
924022
838692
393859
577164
698264
978474
503611
726229
230997
311922
234622
658260
63448
942396
296951
200129
574027
485165
35434
169591
716452
989267
701254
43953
145663
239235
854755
791644
942839
541453
780220
383213
896496
690430
476728
594760
185256
980338
837340
932604
292259
71961
590864
872058
14356
404166
72186
588382
889330
623971
274325
122133
613238
975578
682438
758900
731165
53544
550543
190355
594996
847115
89919
7844
53896
566647
118955
239151
546984
956294
171755
355595
28255
278970
227652
558962
199487
816190
663696
88816
440160
454372
727301
53397
429949
409738
328648
677465
463281
395543
384172
574629
242657
474090
98824
296552
40736
217778
52055
587720
174071
223809
459666
718677
19130
203669
277639
218616
19858
457686
823783
976370
912057
551083
546118
858357
477172
874766
52174
456805
786660
436345
547785
545668
910434
646608
842219
951170
864385
410625
55241
38455
150785
514906
273484
169914
234926
67474
388529
254784
525159
212312
747505
953567
279746
293622
811923
273270
684739
864096
730074
471398
816792
794210
17065
727226
440817
375636
194747
821553
786260
766339
376359
937045
797596
649842
623310
32521
717315
11839
803656
758825
740502
551160
712391
536599
844782
40666
809868
45872
421113
56293
33622
237905
850502
567038
481482
807670
942673
192580
629222
245285
958918
521933
698681
272865
171774
321990
305385
405441
850180
109041
164265
590681
176552
876656
127280
537685
917321
453499
583557
338433
509792
617178
92689
876645
184215
574170
684315
643240
766749
829888
404876
242018
351820
103556
514882
39946
425545
336619
445386
792077
962011
609650
382757
138562
2657
26388
676247
919977
479887
776155
774762
506030
909684
867450
899026
93898
957972
583340
253489
241072
929580
658364
483090
797751
278271
514323
837696
703816
850941
799433
12244
812951
925435
395000
467865
928091
937740
144111
364420
933978
920265
139181
440007
829948
522982
339032
440197
480953
438724
210038
722025
884655
868401
721466
198757
146672
235788
36453
366839
603081
352237
379082
416031
277671
290433
400247
205762
744524
544357
570181
678501
980973
225713
634859
327272
748694
490243
283821
745999
445318
493858
468023
329972
878610
705840
528728
541633
941627
81532
424823
544707
950121
803904
477090
227791
610689
877336
433552
355212
938045
520084
550065
435369
745796
184923
762641
10842
191517
46461
756840
636834
56670
741214
483157
935279
447053
528237
476912
905031
126120
418086
966090
76240
738342
959531
304031
349030
353218
253934
220593
807614
290370
287009
242983
36165
988284
521975
563358
179800
568435
320197
332986
141456
577762
816142
593086
541166
860730
586349
446197
986850
4435
928638
63089
742776
888168
883471
608157
757737
137405
828749
565351
427774
115758
808333
980290
620393
330307
543648
800192
415093
380196
133177
72900
957958
465671
665985
15475
326400
252334
461671
829601
256768
906660
892690
999543
794827
776160
124051
68916
429916
952799
634266
857689
584908
958950
354331
205300
805608
897978
521844
220700
794525
171372
809951
268834
637042
475935
284309
479794
728268
262331
309394
501387
168991
718435
17281
480169
494595
141331
549084
924510
610482
183349
298551
711741
142298
652881
917041
464257
67210
955236
684956
378086
126607
494906
646920
280001
487193
931228
276146
731812
709910
585539
233199
878900
820326
766831
359069
831272
424514
908152
755781
34995
607853
570683
746735
266502
739915
180127
730759
807124
135362
932066
185210
261969
943324
348481
58321
430516
279708
334466
678679
505969
436356
911877
384869
256681
195060
260289
87952
619573
684792
360085
654567
292644
930767
917653
75498
187034
97780
806256
994157
233141
254673
695718
11461
197996
44198
586133
144863
840257
920598
823542
346226
873306
251770
247446
129986
446829
507734
734290
582753
192525
94374
753671
1521
541492
671324
77018
728525
769103
399625
239034
518595
654297
934751
46408
368645
495301
632540
29859
335557
69490
369752
198134
942795
621522
445579
589132
584702
953312
323421
683807
662189
934146
437477
663709
475638
108800
740726
720514
394254
656702
475899
429201
827350
927002
475608
712346
422302
624499
742205
757858
693988
111956
472344
153134
249829
917922
742266
350883
871234
65686
34689
533422
999832
472165
713482
991821
97317
454207
228686
491570
627260
704585
920770
454609
631586
912729
683307
570239
53580
425511
844448
747567
53818
316791
417053
819999
234713
159318
170881
622298
225003
205569
672071
741186
194085
385552
733006
807753
356110
961692
299323
983369
182628
736444
954329
330565
165525
637635
900803
219104
579497
745250
483022
633315
62041
900074
453313
296753
59391
140545
435402
800746
862465
107472
541931
56549
493023
791289
380654
849132
269332
679976
832500
451959
932771
303180
782523
614647
940815
199677
833750
520311
944926
833124
669977
6966
249549
639641
820070
308940
780185
255471
626037
642649
362942
684319
215550
372316
475607
596203
221447
261290
792530
570298
713248
241652
873478
12122
856299
814292
728150
206400
850954
673076
39523
520931
196393
289072
160571
16463
114363
457108
788285
256751
99756
667579
941069
831657
39894
933028
944211
261341
194317
736740
347990
423917
494744
221467
952390
351042
552110
680540
73793
919416
353615
113316
440346
66359
918739
117268
599173
549453
574375
387458
806203
190483
571388
263623
538491
611281
196650
482702
388973
390967
735793
736963
331235
230536
474781
283624
97929
26891
964163
171722
462658
834129
285037
419355
900488
720127
536622
499660
785931
627349
403469
592133
817831
974856
372107
356321
586137
568757
355374
491461
476075
91167
228423
807309
838054
703204
90932
935983
246446
571447
107704
225455
405575
909092
644809
306062
629218
181430
322074
415148
325130
725542
523632
142960
216750
895738
15633
319238
980846
887358
810698
456920
978524
39121
264228
816578
258676
871512
268912
21473
442958
376615
246927
848532
285706
891735
670946
914923
589516
993019
846422
914646
234912
370053
573957
451661
782142
105941
287250
762988
993299
97948
219907
488174
653420
487
821103
428447
871998
90014
966271
831307
466628
213197
679838
752333
621283
867135
183607
727150
376505
30028
158147
127769
916432
732104
95781
214926
354396
383031
977913
347694
480978
714171
352220
134397
231009
173322
562843
103006
779688
529113
450664
762667
258661
646854
515000
396295
513988
214958
639796
406845
761338
797943
534613
194121
46398
630393
409046
400793
13423
386958
264839
494400
617481
617058
145148
848489
306731
224342
467847
86418
753454
918510
365437
528466
565363
880436
441112
595703
611745
80908
2547
373082
878850
537159
567203
925247
167551
976248
842391
180974
879558
107229
191725
497038
724286
336873
345526
547369
77566
329724
150138
831020
248234
515574
875837
329948
912361
316949
925650
524106
914208
928196
897187
309409
981706
980741
234655
149257
473341
593397
846582
352898
700626
554658
366287
941263
407882
228164
488631
485448
557888
638769
832819
806121
154342
225007
652420
66703
541955
578070
107160
972514
22617
4346
281922
4323
501439
32928
669931
974779
626325
32864
327676
326950
103873
210314
268212
511755
438477
756843
513554
996364
911963
346372
318836
66304
571378
971256
649358
629685
65677
756517
118550
604645
277215
400472
125319
778653
433399
795249
269783
59723
344464
597458
386672
964689
324123
171236
476443
762599
928078
506348
758963
356392
369071
594150
422695
456800
81757
588405
602836
147433
344921
721386
752078
138487
121857
877396
433491
71607
188997
703273
131330
49812
817082
34353
14500
141204
721940
7294
903803
166369
513641
179117
522760
882711
773266
945455
855863
855023
50211
458698
2455
911483
180083
270884
49970
818291
664632
483460
889898
369980
186733
537579
419791
3814
88283
434291
661370
810223
957936
565172
976591
471577
744288
499351
870639
517553
961157
242853
888927
11367
701551
407734
922849
397985
194969
489170
216276
859600
972630
622525
229579
675714
160103
165722
195879
764737
600012
857248
574959
74299
938771
551550
545875
683058
567252
932866
716963
528408
175718
122241
56126
393620
529974
495326
791605
724943
984496
524232
100894
473477
146756
330473
665542
823210
12546
861420
587946
128909
235020
679257
203207
173790
230806
265434
373200
314409
198299
606514
842816
890368
728754
415293
283988
775080
910618
591944
500022
411465
116175
600915
401293
779282
447739
66834
118843
460284
444606
706788
589192
195977
902396
308751
369766
649553
574184
259317
963961
288834
865830
323128
179201
110936
738420
979540
886015
165390
87835
902388
576854
204009
19654
978147
499642
467393
561332
618484
444028
5937
841624
549572
718265
744019
374674
604383
909924
948857
863699
873884
237690
245881
197012
933242
873168
451783
429134
759182
617172
516968
661569
710378
237329
681222
204876
253322
664966
766207
871806
625346
288496
229781
691269
6760
490151
65942
611142
400074
531150
991193
273958
285191
753425
987321
218432
626592
439103
163917
385773
56275
197237
563693
283004
950917
761266
487879
204238
942584
770437
592395
84281
575284
822175
291901
98396
828678
874194
709537
228751
405343
217081
19060
690533
970505
522732
425316
597096
961835
589233
499220
534461
786469
62912
817464
737385
340530
821694
457974
283113
592130
50369
883745
683766
388895
175645
782161
217572
49838
491697
962675
455180
225130
498086
662064
195634
20818
87379
309082
982652
676611
808301
33464
979431
387565
367279
233167
728094
188972
691141
527558
297453
741509
411302
981218
646755
103298
763378
864327
153135
771427
343353
124666
512908
841438
786729
224893
378607
874107
533974
877610
67070
858627
911073
562852
246191
794703
796019
490636
500026
3511
534545
797479
261371
462198
295048
908125
565495
574778
288803
718629
862556
632155
843294
375463
989945
146374
600355
368551
20480
650681
246161
603901
509307
673585
166753
271849
468288
479123
762484
968313
482633
813380
282143
260355
275577
93543
168479
841071
184672
973634
76051
47227
122140
435696
939041
112084
582069
55747
996987
118900
706427
759499
239153
215733
949435
405905
3933
417722
401379
282768
902387
884011
96147
700881
144365
888075
310775
829195
729145
495446
802828
321547
59024
924968
273594
998064
553403
372014
570163
550389
490914
276589
826239
730066
8674
775674
652322
12606
709747
53700
295374
128485
454062
391520
345718
114778
279595
656492
943972
525091
668290
746800
362990
243665
188119
636583
758081
741521
524949
328243
808262
15862
604831
634500
262279
613504
926525
430952
142462
636272
1003
437835
281108
455064
345706
626825
569841
141652
799669
513812
183095
467958
776963
546084
711622
481433
699018
469702
222954
223966
797944
31215
756179
919127
182066
534809
48982
108591
482112
191443
261214
483114
145629
542321
938177
491335
685498
24369
149338
485166
54533
332432
469475
831495
394867
697448
829280
610237
683502
52233
834202
997797
599799
106733
916923
298216
157893
482257
406806
640005
673699
184371
123118
335680
243044
577647
827014
444893
602015
492703
446410
656547
825135
915884
4394
736353
129683
833673
346589
813184
885905
697143
327333
2055
803875
244255
300270
478119
242863
223428
118123
432914
924150
757593
768593
167193
335239
111958
128437
937253
604660
574846
593800
946146
7081
598193
682499
136764
948217
545439
466299
350473
242581
793631
352527
562807
554238
169148
40926
797100
392575
675400
230013
833077
432992
998605
269
768230
626914
128706
221835
231574
219903
815634
694071
226984
930178
376569
363747
878394
922008
830045
228866
680940
140028
97744
243747
694265
266891
801024
491364
175818
476423
237729
8894
909415
236333
525514
193996
379599
170571
415830
611172
390474
747815
821594
617457
194344
198163
497555
589089
636522
843951
334306
317461
983978
432049
77559
678242
215292
878582
685958
391109
871357
923686
400002
780771
676370
441867
491118
55968
612438
423300
183491
2911
687466
5085
136719
881810
719599
634273
470898
872472
994575
321556
706284
978553
753604
783843
173146
968895
178776
859103
876355
50132
782788
792708
347254
459158
234575
838372
31477
363364
778023
214968
366274
465488
736404
19344
863649
456002
169968
850899
328473
164542
172454
34756
659446
442409
334950
832592
411304
513726
691694
804010
80209
990834
596718
427463
966343
347644
782186
997819
711007
560208
729138
593632
542047
465541
129327
405696
437894
299294
256594
282718
980187
429047
317474
639633
387807
168775
988576
799110
198852
680269
119472
279061
187454
232541
706523
153796
96536
488708
667967
807542
565267
397104
917525
107313
378997
46851
513008
816890
862496
285953
99608
359034
231351
933433
998666
619158
102207
503593
934619
817411
183862
570442
96471
887667
802982
802993
41463
899517
808052
709429
223410
373318
622884
657286
996982
1880
704136
26342
335122
82983
828646
434729
442017
59997
884513
957034
195506
503071
460627
130124
320481
160840
700566
416951
48506
19899
736295
606320
435768
60698
832100
659177
950367
454984
316463
947349
973215
536950
973690
308336
136285
802335
743064
578301
378683
143928
51686
574188
646999
512312
220664
967479
189503
437581
900782
238009
973831
637076
360680
409598
697774
192780
585127
164492
164115
901589
111840
137329
954890
601881
445665
91174
920568
705080
185826
299250
849008
753864
389790
12358
266175
126805
979836
972030
80737
880617
726390
54567
34045
87069
464165
248170
796200
49291
412661
960314
467231
40853
97643
938472
642733
59659
545998
563300
281090
248175
378902
646449
2038
285043
658806
268213
928199
154994
756594
8935
35610
482983
63501
586006
570051
44017
834175
366251
609659
763188
326564
593241
804040
940558
531713
963124
516568
594062
42776
314010
842236
421677
960458
844274
223071
135616
628838
151269
290609
385431
160203
842570
868413
740055
428576
438463
300424
779102
321065
426434
542289
163981
19675
862680
104538
67739
825804
137458
661800
868579
451467
20387
806607
928276
864660
546029
63891
9849
697297
870851
395279
373851
713421
263691
630257
141996
218506
447032
437449
55922
873466
496090
219902
409492
358769
840792
477230
700924
978249
655381
569502
946067
675767
892460
874342
56779
438488
454585
66627
652136
325435
978258
542338
38855
758300
172595
697202
493157
619626
134651
549079
9443
630740
285332
418934
505860
126123
896163
206784
620723
67895
292637
83141
260014
185097
473835
833144
139936
928419
416122
792072
770205
394379
334409
325412
152679
23355
22613
645835
159333
673615
711265
168775
820706
996597
587709
842918
639071
223
49701
259794
584470
858689
859286
360835
43785
333120
193978
700073
777890
610099
8496
548095
4478
859256
873506
673508
882611
412470
835694
558295
602437
546959
243421
939494
59907
347481
782411
698977
347704
348463
475122
448525
207152
334408
809359
767288
183879
519688
467360
961769
129786
475855
26215
650615
335111
899720
840474
734073
828541
676168
808719
430977
739478
52139
370471
799384
399620
152881
498360
263675
17696
489834
712199
224847
340593
37909
992134
524471
557596
459494
486239
203733
451700
512453
854348
303162
928524
694821
553586
273417
370988
362304
704393
626817
414443
591215
426200
814062
260448
440912
594088
278143
930745
822638
502989
271337
860546
11474
312159
934493
987319
314750
138225
439019
343554
992572
258532
272078
203745
812118
545494
91084
174421
766238
717901
588863
873805
660452
919276
134252
101363
513363
928746
548459
852352
431734
336147
712897
959559
648306
647389
946878
963055
301966
385896
306608
810889
644427
95037
14633
456544
156882
622069
147317
923120
339969
736179
796924
420
171807
447527
618135
201521
376272
166593
53873
324357
502740
283121
283915
667397
930510
230792
630451
748827
133039
453410
559715
293818
548447
90700
266713
705328
712768
414029
144799
569088
150208
458074
85859
838366
421952
703993
39886
798223
386938
93758
638931
889677
376879
439198
557073
823740
186341
703875
572566
835732
673636
648632
129549
222082
739331
396261
443762
968450
810290
104912
537537
476849
79338
139748
315214
501289
843740
871451
815864
230677
965209
454794
636705
858439
410343
710129
198530
596684
930355
287447
432415
603991
936078
78315
342424
191761
990927
302537
160210
801216
407449
214099
794416
486786
353846
625981
988074
713937
497432
320289
460966
978992
775083
614022
353782
701777
324151
552311
814812
770857
839757
763578
374847
292186
841892
717271
483946
832819
19807
160508
150386
943607
374606
461154
430392
244803
603486
934818
958739
617269
255106
936056
112612
546540
550078
466393
248317
390580
535055
579480
161436
891163
343058
536283
183349
184949
769905
183646
534119
306063
344153
200857
249670
718758
662010
196413
963560
781847
647582
438651
399116
419040
374706
511727
965579
441135
978120
730247
831714
29526
309727
509502
920689
169136
45784
104037
354084
332040
287682
404555
638102
631835
121763
404123
866944
300124
600536
346856
81970
248117
301858
481085
667156
192915
992812
149087
634050
487283
395685
982115
516808
221763
491616
437496
390898
53751
541532
261334
385790
345566
665888
540244
977400
787650
944366
360695
87773
61253
707550
169742
825722
9407
167179
9229
202322
159990
674667
352723
647272
70352
334837
164079
292114
342805
601575
683012
396555
659458
944345
298697
5023
126584
355292
498774
430585
816009
859469
34709
877262
83370
720802
219335
609129
887980
228563
327802
47969
903230
680524
695240
489933
531712
375671
782046
874516
977245
465057
271071
636702
925753
86119
158077
52336
441410
656850
482920
257418
32670
33980
651031
632392
754782
870365
241520
642761
615280
85673
690730
518509
766196
902321
8441
297907
277991
306838
688775
771587
288247
959845
924641
213999
562315
82717
782687
520076
255918
781958
777493
804940
815938
944876
437331
570719
815240
195202
213479
430519
280874
420560
465379
563421
322881
990171
377679
600871
297009
66453
888810
585255
542649
813450
315605
104963
896166
98291
625038
668435
396601
918883
989726
212538
863758
943408
299608
195349
138609
513086
142220
935834
449998
607598
15606
772878
114121
393285
890100
411129
459737
778909
512735
2386
108710
828339
623700
521227
442982
765090
189662
839582
683972
179387
568471
64081
122795
868078
775781
777755
897515
918000
229941
347512
41950
245546
636741
156070
155182
43193
83550
131271
338453
596284
133656
447163
940974
273707
968389
900307
38796
674402
256240
239119
853789
341062
303199
492935
209139
595332
787041
623006
513331
533333
486869
71632
295231
639962
227701
450412
683154
827602
581682
537958
940237
231689
985120
397563
505396
469861
297869
60543
144262
70461
299662
514402
411522
119212
523688
137013
714543
310729
760018
744226
360413
763238
815857
655643
919551
559910
106055
602704
387511
204088
657014
327748
435777
642133
725310
457524
628345
539530
518066
772607
609990
817727
803360
21512
936939
327048
674876
167833
154128
434893
912058
514540
714482
244267
686535
634033
804176
792589
753088
191686
513028
410101
519433
948804
568586
761094
406327
713282
300624
924393
2240
910613
258471
805600
448476
711761
648999
123351
879594
803126
74595
308003
834017
305429
552269
36903
939461
872796
829491
208900
64482
858871
135353
100266
807674
220290
861360
730353
933571
678335
171097
935811
105299
429567
257762
553775
657680
906760
193477
537273
226237
784424
361627
576605
89852
430248
613508
545664
303043
959350
754563
367524
818220
406267
984142
625894
142908
361853
872598
76479
40187
43694
528641
145485
989612
786402
215611
647291
693161
409088
184563
919397
193511
62542
496001
283362
492789
109508
345377
312183
585210
616291
196059
403429
22558
180200
545674
165465
542052
418271
758295
98590
461964
803287
244074
451576
589688
976037
98866
799200
385124
799781
234948
94986
378674
730949
894699
387814
356808
240075
699996
942017
856365
412406
861798
395274
592605
407471
77091
651008
825742
351737
265949
804057
155024
26375
771984
261063
2411
870850
60263
387534
186982
295210
998871
82007
542510
893569
469820
415670
649995
169815
874038
22711
98573
735835
417985
691177
143306
11427
858537
485399
879515
124485
805807
34538
150859
577791
295601
669621
964992
872215
57154
151973
167424
572376
233979
226286
465944
220150
641955
115938
906316
32344
138649
4888
768179
72985
212417
427836
600763
70953
429586
480277
711789
235392
31167
379000
813182
843119
48620
294525
715333
622126
446497
399108
710853
196827
141745
176797
933328
783699
809086
839644
816043
464086
844531
100573
53422
573299
44760
654184
644251
474345
650813
872392
226088
681979
767743
555622
41449
332714
850146
756781
471191
812995
672240
182044
526173
813985
875192
459501
114035
200629
299144
446429
664715
660026
547001
234488
233325
591760
405024
393927
582456
55836
782670
324896
254166
66764
880517
295614
915830
730662
52394
387020
543656
240985
85415
69829
54969
476958
45681
169004
677587
861176
615432
858653
521201
678785
93140
270877
786896
498163
181156
885704
553998
963825
210599
324515
546941
91115
620128
462770
338128
188873
849789
881784
429858
451556
467964
1178
928513
513644
686533
606099
374819
818317
464751
412371
497101
74243
199600
800348
572405
380755
202403
642755
860931
413001
967269
407871
20467
587397
870640
358595
292621
236781
240378
722478
204688
224693
240008
133200
254688
926540
255651
145858
744856
720401
558228
758308
794643
274179
75008
883400
654933
277410
526154
32216
206763
9774
440086
227229
597170
827078
585823
406143
63858
342552
128620
784897
567244
884979
918096
338283
811519
173746
484140
72726
410499
558720
347386
721493
832898
938745
604892
4183
216154
647397
36398
422916
657171
476483
166497
254340
819912
752319
176834
400121
94871
305454
185017
178466
706784
103113
33101
34654
793210
517240
107380
203708
592311
971117
441553
425209
909861
46444
429391
642366
693841
982140
581634
351011
974974
748130
121702
794886
16800
298536
195006
628022
120341
380023
806488
827124
999487
839588
861778
792696
873179
485509
512756
465490
456625
954308
407050
882837
517103
352792
41554
210943
334931
623187
78305
309904
887668
716359
104789
904468
14894
816147
532489
651586
196169
855328
478709
712007
211267
856838
21054
84446
858698
533809
66287
831674
4468
473336
714510
521571
826127
272416
248865
161057
895602
843522
987312
299622
559880
92101
204089
574773
424599
252929
742710
137119
108257
737770
849125
319523
594608
870178
920320
453305
920339
986606
284979
924806
459941
515840
962728
286067
788255
727945
963475
200209
571466
950787
499830
131345
42887
220270
222469
983837
473198
965178
120955
581454
702947
970079
417329
297554
840256
337648
267211
760594
840606
68541
201752
300546
584380
680831
102965
888987
408775
66439
89195
980240
17225
105376
111584
576463
325645
334052
560299
798842
299229
681253
896648
518528
651331
830328
332433
7939
684327
599643
284884
524932
184535
2987
341830
285267
683818
444794
174253
92592
27584
779799
72832
44809
885174
700767
137623
727170
34819
697922
42363
850399
379174
939010
368926
546857
285689
217711
71147
970016
817353
356030
11299
518240
359017
353128
803506
42834
314273
977758
651777
858209
273908
724608
903017
675433
425375
40639
402602
976545
254912
444964
343295
150438
900326
228573
697294
186014
446283
768440
672381
779987
640821
200032
298226
516189
69511
101731
75374
383784
595840
727151
241992
386099
968110
661360
61531
909836
218350
464132
402732
473262
425448
746027
623699
842125
490951
837344
28138
937233
122135
216871
233571
762955
416902
531797
279144
486412
149879
870869
386547
262071
598019
144890
648169
566129
322601
709700
992316
540951
690183
395048
530564
115630
141074
670614
957754
148376
24309
502244
85608
146443
235466
835530
425749
652367
883678
221244
655130
33557
92113
558029
811979
206483
702918
460147
772611
25519
686198
281279
82821
376381
676326
613384
8362
333751
283997
482468
482126
308305
501063
84085
971099
736528
919614
396847
905246
803292
134443
76727
353200
226555
634755
165178
433037
337673
625324
722000
879543
311522
3278
962363
204254
195955
575746
728967
529705
376094
211434
11830
200750
228848
95914
688200
481727
531879
601398
903324
335170
735840
980051
688369
478746
131157
369898
428135
985181
995222
150134
864723
823095
669763
827085
543700
865717
919182
272666
911773
811627
452
439954
12376
229299
52219
700575
711026
584097
818325
614349
435619
554164
110751
640339
32910
241908
10237
977396
227088
5458
127529
608163
344904
313643
435247
888603
695711
870781
677620
123835
682407
678071
563788
211135
907370
616006
428061
134747
200102
246385
265447
152072
316901
892550
792411
349810
134457
802647
327205
877896
324456
971085
2410
669359
801079
437657
74313
13141
824789
751932
136975
507195
430003
700762
234681
853724
833119
662742
988470
549572
425478
770268
701644
742378
662817
494054
608539
797273
813052
452095
191521
137507
423179
193930
806865
740609
147938
881177
270101
972726
149460
407075
996273
579462
624188
747305
433185
457306
926398
938006
523230
351876
708274
224873
94253
371090
235278
702792
684715
48329
154886
876235
185835
94417
586516
509051
351377
250806
906579
621478
739883
56038
28552
252507
151852
169092
999812
585036
142749
926209
39394
665978
278084
747667
890850
372337
635108
642479
591480
319822
690807
746365
712408
876641
357133
298924
385691
708510
66081
808621
329987
805963
864659
874890
58470
16510
43981
58281
117897
186730
500841
157290
852707
778925
421308
259909
667613
56416
902387
259092
376237
593194
521808
88645
986186
878941
903920
888229
103802
970000
696849
433788
775962
77859
308677
834431
94368
352658
409063
728617
55739
909904
885906
908445
205180
307214
168353
872792
363629
70740
648235
739865
180285
686394
344861
166470
81686
765132
54698
185487
735131
267899
619274
27445
345757
444303
378227
956477
313312
303642
685093
369050
213545
570998
277494
418724
394563
962199
807867
758191
549290
972453
14408
729574
658846
875620
412395
740532
640752
983445
926018
892234
251343
61644
436030
597099
505946
814257
553575
335609
117898
238667
704658
847794
326017
982151
782869
720579
460701
107087
478770
9990
79539
9529
739563
738384
885148
151958
995267
42251
135402
921285
934485
903096
499280
370514
500194
521577
701122
570121
857185
335371
325139
561842
699516
651155
60344
482384
371734
521045
589470
366855
47386
669008
892735
303301
923744
294234
455258
919010
336485
107011
356646
787321
526458
372277
674186
543003
893853
891660
113123
267389
227030
954614
345582
926546
605768
922278
408929
493853
959674
514751
377059
7059
700110
269793
310359
140205
80379
281968
59215
416863
905330
932212
720535
431787
304489
394720
974790
714693
286379
604264
498434
29761
558877
360367
956306
680997
282644
881586
174849
758669
396336
68260
765728
612798
338052
592438
753002
418430
390758
328568
351644
812439
260780
72178
760578
81620
983250
735367
312664
785980
855982
811097
815740
931211
171464
772045
612207
970459
169983
303407
729128
82670
371666
11207
695467
226070
119996
964821
160851
510753
293388
512495
323192
70519
101024
83769
152138
600625
335487
464802
386605
707820
792250
202344
639030
480065
490741
767588
450524
660723
70995
696003
743392
442660
707209
438859
668729
827204
403679
345932
854309
213418
374778
693852
283937
992153
293972
436074
592778
145810
417227
979382
853629
725829
698077
9011
205893
188817
776598
172768
849539
847592
868770
592931
290252
92330
548141
475332
435886
468171
337615
290194
681588
712392
500397
965524
704545
794368
917950
297322
940177
335176
793055
793805
577356
491131
319167
783249
196300
95765
472368
45838
943356
341138
155120
749959
949819
219612
741643
385704
687782
79257
192249
885722
791649
692645
851245
496193
3364
285546
309866
943540
137074
102920
253697
714429
110402
89215
497677
306701
184979
486397
868891
128335
827534
540362
394645
293704
759974
136287
195760
964107
731896
904360
849828
39896
113357
217425
536088
116720
502970
362305
576612
156395
465224
346660
870824
91977
435874
884852
398678
620853
371248
267568
265539
715133
324281
176535
8837
84254
829174
720948
48361
561069
625307
414540
600964
738663
148316
653403
855383
167638
15707
948346
324032
997282
295005
194855
89258
247230
596059
4287
868082
967306
788206
649972
198791
112487
826507
723979
196740
655680
444926
761452
733100
70232
175992
334063
325247
324307
987465
180629
491944
519523
645326
332328
516804
456682
527182
122413
703911
123240
126700
571993
606898
914905
738316
805688
27391
564822
529666
224131
736853
974591
985582
469952
561174
677925
804014
886420
518584
307830
583400
526879
343704
228725
859206
860507
685406
902740
982920
389317
25979
109619
477661
632876
24523
215976
954915
568266
297150
484580
792396
550354
975522
294329
20306
536696
488606
340671
423115
523541
164853
522867
50419
508556
267943
425977
885415
953349
328716
868334
859017
871046
494304
853029
20274
35178
585356
975188
603443
882505
459768
912190
432859
951641
206519
969516
488336
211476
310186
427803
735016
991390
467021
785434
499946
734963
727762
385360
688311
56477
770045
63679
927523
264348
916707
947796
815877
18415
439335
935672
417271
415454
847861
366481
367095
570731
335996
855430
782206
162534
799584
517221
153923
266604
819007
653868
1567
546768
555579
206229
119597
325623
786260
47119
106322
219318
511266
438551
237732
950600
374222
655003
366054
222082
21483
733148
792813
357479
104929
575018
36364
420865
608591
190286
203820
943949
360506
721738
490716
916084
927967
610312
758059
230578
173782
864380
449895
685047
819282
687627
151999
193503
858981
34404
415585
880463
283903
724749
754293
905183
816118
307008
326047
424708
497294
529867
368656
374151
767956
375724
290234
695922
502387
48292
442851
676169
429024
892746
877567
248305
96724
545917
958160
955704
580320
373744
352518
864222
614844
623163
769405
430961
930170
611803
372021
943815
658021
257028
317965
425977
632751
124551
638250
135138
689194
81101
327658
634569
490198
721576
399226
586921
267493
357385
58976
364164
247480
927845
744738
862323
551007
30494
293283
997529
158648
665303
457695
816669
438683
775660
758997
71433
416562
397246
722922
105755
994698
566931
740324
484895
288507
139549
588167
72351
13285
163494
952866
260764
91339
697603
123086
158697
244448
932720
672577
403096
114375
130272
736116
553057
422283
495112
140841
838844
408709
380115
460950
919759
947045
201273
921005
751903
857173
509172
340605
386809
189017
293471
647572
280355
507425
287009
439052
268225
736081
627980
671320
850455
758251
923787
919863
180533
418898
60703
535728
343958
440817
996678
263716
904214
714302
701073
656116
87827
726596
513073
474635
915612
806543
122207
712319
830319
925567
667722
614895
661647
295701
286214
28453
53952
726352
948315
234484
145249
525370
770212
5559
482538
283241
785626
903103
997542
486698
559219
85368
729645
72291
560003
645257
395185
198561
357575
741855
640479
25296
356750
302126
320996
159315
846930
374947
885667
311597
125783
547267
353318
412346
69177
835855
211938
854803
738958
209479
857852
814528
294847
587497
403170
371201
749105
314706
86113
106679
56560
726591
648326
929661
545068
969321
605328
391998
860620
7346
703594
502754
554612
573263
431451
140141
409117
643388
994943
664426
369218
369146
995305
664064
956642
398474
551616
222098
229531
637728
328776
286091
880671
493453
732103
425738
979126
337430
334087
839745
861127
37680
858850
415739
127294
806652
555879
536411
966391
67173
717188
335608
436318
712493
516024
909312
627318
67639
131409
856849
221719
976537
659291
102389
469989
907745
528126
449114
761527
862213
805210
622653
416244
180411
38391
543538
987062
110621
596300
953452
694145
829839
805412
646815
58683
321435
556126
202353
389073
203886
59201
127143
696774
234843
229531
166763
142587
274009
132228
904113
652573
453790
526766
585168
634200
81508
645057
137614
708481
757708
607417
402625
587547
412828
49439
162581
250614
121916
364933
639687
842154
940485
283181
538927
175327
512712
222041
834266
786720
354269
254730
955644
324410
297847
540811
474961
379355
185868
612574
604187
459927
736343
523163
563825
665522
572602
726406
916136
210869
91338
72174
53022
548175
355354
591949
723501
384417
813989
74118
687488
684609
328848
643131
9018
626694
700294
483979
522400
402513
612904
642938
862439
865598
166101
426264
531120
255054
152669
963607
465922
760358
552132
35296
308532
423837
627244
548385
808254
957584
138854
495741
642193
467701
655224
167562
610747
355517
651540
649498
758029
780796
292436
136819
646393
458536
563082
693864
713589
232102
173822
695862
508812
725953
731157
333695
149790
874752
882079
474395
832336
537285
970135
990880
521337
625358
158441
132083
497226
326333
781581
771606
107128
590368
908425
753520
48903
471506
963736
278843
219960
137557
491056
728771
379862
738565
62465
46003
613316
460896
520397
962003
998180
490531
469234
519516
632241
627675
167951
645818
954007
465883
417424
577486
56250
325848
847357
621504
313705
811092
900346
533664
465001
907753
778786
844862
646317
841251
890864
259633
818498
411260
737987
333029
418142
207221
368896
566734
834895
536846
212552
305253
519080
146327
399090
575329
472174
246446
196832
302230
573890
613529
352246
38890
521282
131031
400103
167598
488633
290966
943582
307130
218577
681569
156510
153070
888789
525406
236156
240035
578603
965059
61639
97683
111385
460728
189363
99910
223525
386195
402139
797414
516075
754384
352655
37356
401767
752757
204954
890399
560074
148535
713881
778650
346455
870390
448072
751595
912147
684227
507981
490750
649285
569619
104784
760669
546698
294146
860578
286575
196692
779068
83988
712767
533452
436643
750122
935218
705751
471427
341968
265825
136314
55848
44474
482768
926238
8897
750715
354736
693123
258695
845485
342407
344666
466620
619427
407715
760766
996356
694289
957457
775424
294629
186575
825227
247623
936697
276796
953373
924475
618763
219197
60788
674611
780023
59908
117200
788919
810622
471935
482042
69316
833772
340800
930333
300391
960227
338048
577508
472934
32336
51317
248357
326964
237891
73583
90938
690939
866730
44311
131766
485493
263507
192553
676455
43529
252460
310006
832448
579433
298292
830841
648749
132063
171640
95433
948806
648218
433480
42665
121152
465816
93981
369508
309131
848224
959443
916421
55514
826172
960731
187279
828016
224237
896184
504470
784118
148643
814475
616565
244428
112767
447405
409528
761181
135396
504960
226338
783614
938440
269003
421117
920607
879335
790624
746089
243910
266418
662509
299424
608942
623239
486702
436957
363828
899237
457779
147945
47880
272253
280861
808659
901371
244617
218186
178904
380012
723145
405241
679977
177936
674243
101093
98542
69930
408069
844631
313839
674486
23491
613262
799779
163082
616316
753088
526909
515552
210866
191205
79783
999470
472065
888441
900841
716681
622978
596096
613044
346123
1336
293021
40410
191931
394113
138952
261860
318533
499934
575698
509371
523424
705312
309149
686505
837979
62236
729765
353530
789453
920969
949665
788923
393033
354457
206115
626065
977435
802210
239109
839909
803545
532129
880318
511827
442593
535621
773686
761126
35554
865736
270496
75330
571047
95996
278186
409025
158232
7951
278906
947684
445271
744922
252958
838304
99379
459072
980720
76813
777633
219828
433073
581178
268308
313390
609356
227253
849011
383042
988378
400916
765129
775225
476245
336175
871220
270783
261551
545803
795085
56808
9839
240355
801730
262796
595010
417460
238220
575730
494272
15852
795557
443696
113381
580217
757085
722737
807469
122447
622130
795846
523363
387258
87422
515959
239784
958641
303093
17686
20796
98177
590845
30634
338532
392574
809781
933541
810033
564352
509270
820656
580204
821179
264351
209936
401395
537788
449024
725215
176586
71153
521060
216300
974762
124833
732259
214545
599825
35351
748582
620620
649880
339427
167605
988411
248352
493738
438303
574737
58089
947573
911744
154644
285103
692447
880932
202849
230234
329955
928063
406819
917460
965474
139471
892221
90306
871729
623118
690130
423431
371699
827102
589662
227477
994706
578072
475829
4795
16375
566917
62884
480299
478660
733879
281753
171106
614810
484601
401339
944765
929015
324510
862224
894488
463980
270796
501145
852060
893913
191274
791842
781964
534727
381504
9440
45785
475927
1620
50579
8653
568536
113462
488951
47196
847341
287055
218301
462150
771655
135992
923266
217021
976853
785489
111508
957184
572637
129004
325595
466549
836630
117436
248512
371356
15291
774304
417140
491218
775923
467719
499870
344459
97532
505173
391654
461224
792227
609954
439726
80234
262297
362991
813606
239149
664832
441466
196332
237468
570469
521926
220368
407098
155714
468880
778454
687356
243183
711945
694925
19105
179663
711147
879915
793547
216319
271568
254770
524897
397874
694495
121482
660170
573838
935088
415671
755021
376553
612002
992488
463373
650280
729207
870471
322345
198086
165276
9700
957620
877220
704625
493077
573235
415771
372991
366781
148441
644559
137902
189689
558784
348749
311171
218953
922586
762610
634623
193958
655514
762977
702797
635238
929608
432003
505708
251952
146441
670983
778003
104060
64555
998979
113488
637789
414749
2831
520921
79541
163741
658822
269230
722524
7570
96752
941476
446507
375713
92451
156816
547578
371779
859612
182815
817738
291615
688523
586041
438055
875857
364043
58466
940411
363022
171954
94551
294122
174784
615471
373663
338524
790645
159244
577399
314566
255995
35226
277425
631707
127676
434240
179284
15806
293852
362098
833543
585466
566972
419583
539872
442829
299978
598337
899591
662999
286642
510494
473472
977777
125964
847134
832652
432960
6377
410050
747526
778723
445276
24950
926781
89303
459189
106064
105109
269392
984514
455003
371209
551485
390938
911080
510665
690915
25769
926608
870265
312410
437101
343736
290187
79416
707222
122838
512376
229950
532888
776253
8673
494515
317554
935453
583817
776742
557869
205277
562486
58734
660280
933694
126570
51217
844774
153587
742131
386894
80194
612395
699303
33646
472482
505841
629413
179703
145031
658140
409653
194270
434392
934677
688784
751945
386481
272600
45039
460701
477877
607524
519434
654508
57569
646004
705724
418694
315942
964206
805587
396135
92952
504890
946132
565433
527082
575544
261488
672112
233684
671140
866381
184427
122168
555164
452724
25000
344116
497762
485701
338344
621637
5134
992851
195557
167489
214926
614251
483430
179131
419837
395916
272082
441078
342047
837514
484512
433943
99001
156623
183978
286492
539356
368404
925011
610871
821127
950011
954986
835240
435711
809681
973228
957196
802531
168785
641037
17456
299387
124466
712938
235575
36734
985019
193005
895132
338885
677516
329074
954237
834138
513051
240729
889845
397807
682091
500716
735285
632101
972053
86877
584163
781734
60104
541359
100616
745240
182395
118072
560978
823212
347361
796553
376297
332380
989557
271429
671264
667072
600502
141852
17561
629905
898932
907406
27711
581023
924473
279347
213123
896525
366223
313638
678258
942679
371348
295226
687918
70094
413297
248896
893305
277009
561800
785954
609388
551356
57382
797003
734779
174235
938855
752339
804139
837786
176096
348201
935160
616920
627548
148283
513445
993770
978272
708054
936448
349619
3279
140718
419712
932927
905965
829368
209936
467764
615321
335675
19119
672702
132678
753897
846937
587884
22587
651075
942021
715035
515628
877181
331954
143175
541815
361750
653296
520086
69804
106096
869704
589434
763165
289415
522361
669129
118782
248648
653244
734103
584322
188714
923156
233351
458962
770092
337586
481548
937519
279607
712934
453146
673139
44888
112672
214953
406637
282319
251390
992792
388414
121093
582226
667930
926859
620938
853410
561992
869585
506653
812446
970258
695366
735602
719961
154327
505693
57546
152227
443211
853504
865160
412708
526642
426399
525379
257946
833036
324050
509335
342179
712463
146779
924404
896745
73637
61693
750154
635629
447629
256807
448074
417887
468524
183675
654199
139203
205720
711744
807781
165282
81600
672940
94342
124593
615691
136072
382539
448726
460121
408225
307256
172584
555004
231660
585680
628640
293352
335833
780620
740981
108991
745046
675219
577515
445072
329417
233069
650791
557512
40849
332425
155463
230140
426766
280056
845830
562837
178946
810907
22958
587170
118163
711893
658525
349822
297572
287165
159525
149756
584136
416857
258747
845533
608427
352613
290605
937843
102033
457747
11707
142881
790171
167169
373020
733288
447224
218850
812477
142521
546108
351786
729691
664270
63678
388215
530443
877601
191731
689968
543708
292219
623176
802454
137751
231603
671418
428355
685797
773450
402454
697503
432682
708976
864672
322054
442264
828247
57255
771092
970768
603362
122877
216810
267632
702906
605024
798074
580506
313107
4393
640565
605325
627569
959371
743075
859171
630788
687782
61319
920590
90235
758822
869623
799210
139845
191676
757825
968091
248930
528916
455210
852292
168144
672019
636275
871049
793395
434348
967906
106501
955093
608471
228177
582661
567841
487603
958183
714980
175384
19501
635569
781970
778322
21544
97532
434518
213219
855356
918961
978501
900624
374170
347144
68767
562541
983418
456168
872287
934117
424073
495139
889209
32543
723315
988221
600383
210917
946403
831715
902653
482256
983635
684622
776929
5178
298505
211447
218397
670213
130407
713249
570836
20928
60392
155954
99820
560161
612121
972106
494277
552546
467244
899838
585088
706910
888058
701823
917827
350813
533537
336831
833068
517171
21452
126348
38701
836309
337794
257097
506521
984552
486697
77356
5480
547088
749661
621651
107248
878134
593757
117876
430679
577352
17713
15766
284262
422123
233940
718440
772935
283828
55270
122354
317351
593073
248701
356051
429381
102847
129499
935901
87398
616195
529608
609229
679634
279269
230880
786881
157402
340988
904756
588080
918339
438821
120197
718952
860943
870489
437391
150229
670668
492660
272582
988018
85733
37634
860420
515113
140480
989918
451014
744230
122464
496973
353458
802097
776241
100689
105329
933642
441676
10085
38073
876367
448905
674622
595318
826199
545110
32709
976427
732129
41720
249008
720147
127452
802993
96918
158917
459825
603188
126282
204054
725651
623254
73863
44100
915847
174552
149428
365840
132579
675864
403913
525297
641120
594886
120615
467318
656347
669675
443744
388475
227746
209103
108621
871550
12096
721891
30466
471920
325078
673099
192325
50728
812704
266187
611179
728550
440738
760607
94390
89669
952822
14654
614965
593942
609539
735579
61259
265885
921605
21355
170711
665703
230457
795684
537252
758904
517574
84069
747175
842651
757167
939499
409730
86222
205686
20909
814772
646423
297867
425513
736091
250688
440166
867408
844629
566056
602986
422240
348292
40943
443594
519002
706645
674050
831037
760248
949306
348610
844316
696480
191260
117834
635979
600990
204055
841664
138250
18826
4438
436116
960690
256881
686803
400855
124288
47784
483262
243625
470023
831553
800919
429968
866907
23915
620369
697943
784162
569674
46553
628477
266154
754164
746310
902132
871505
950365
260147
9754
485542
780936
962221
446232
37816
165376
363438
678455
213159
363052
922080
199533
710956
722998
145852
577862
263265
766220
792157
47426
335894
355061
675903
602047
109224
422212
20530
497081
888928
797028
23186
890822
577963
985407
853405
132131
667134
733194
810585
396644
96245
732664
112528
807201
972014
258379
901414
235278
24598
693570
799055
876843
48630
474957
478889
674206
413521
15770
687638
818800
329149
710823
709621
907112
212581
563025
39242
879714
296219
849826
792709
908815
98842
905236
716015
587207
163614
617429
338836
704564
827350
137890
581406
392332
129199
576647
582889
59071
592416
270526
877870
921565
497700
103843
345028
226633
183219
384269
622698
479437
750446
415407
388252
365639
320642
620618
469197
608
754398
324384
705171
581748
978626
286576
490431
624176
863222
73319
683246
971990
860196
77467
409906
874247
181309
754933
100879
364528
655553
723577
360316
922350
655335
264919
804341
492328
885537
273537
492935
156286
114273
714457
738033
92898
1033
744815
717073
380606
818133
400318
352595
194680
477784
278852
68927
175445
550136
169805
539972
205688
409733
900287
644390
581419
681558
448730
73747
567094
722266
566681
723379
352890
281138
977764
445787
798522
722578
679211
179127
57063
595880
48074
251742
590016
843277
320668
765460
393413
6825
821783
599100
932909
238421
243489
514328
919978
208570
588074
3423
447188
671106
726802
800077
468595
220917
762216
267116
459846
441426
962595
516908
37306
527020
285002
143673
370296
122021
909132
280060
128845
730914
395512
578106
485686
155352
92433
405664
363922
196858
409086
811109
867963
652239
611185
336558
873155
373400
120025
849353
331178
598971
366260
368483
642342
651261
512155
12638
773282
937638
809049
418478
184903
204560
996583
670588
359912
605367
592603
723833
802224
1689
51293
186539
170279
662477
39448
559786
552229
675824
409138
883406
274795
775397
768240
917136
943010
796746
446125
232643
734383
255174
167472
919285
459733
680407
106224
335996
285773
698827
59828
604349
216867
627472
790887
387145
289949
830334
946930
358529
506157
356067
241934
297303
647816
10173
214439
107177
323270
176915
339819
57652
432088
507290
493288
408173
187696
115863
260520
989821
814689
836700
594169
547907
464171
901407
935052
754119
731740
881981
628999
754248
754400
870932
51551
402215
397456
782341
509391
720725
475607
365561
294728
424047
389202
788015
832219
93250
420230
609090
83070
234918
445789
193590
782825
909960
94996
234228
180430
343087
632560
809429
97334
386959
196712
665236
305525
594168
963928
331267
831244
439535
696827
642324
863581
86029
946690
212151
695630
366919
821240
778699
601837
267029
488640
901013
176988
583635
135240
873769
926721
284151
683197
24054
671110
879909
205642
976634
990428
169569
824253
338023
609103
521079
980346
989035
123459
927036
201185
819088
293954
22425
114138
412142
805805
602777
829506
499144
702763
481097
372912
629483
765248
572461
169889
436357
452369
891882
929342
959148
61450
753594
813522
186905
791025
793868
175939
430835
237255
893476
766275
531208
432252
880412
459702
238056
999541
805559
737199
218655
286656
110110
848138
51903
682570
534378
4611
651290
426259
450304
126789
4060
720250
940311
190964
27626
734178
883255
458460
487784
293082
224734
535343
725333
621498
995044
963388
137390
800603
700586
356044
603610
327047
720533
171864
525969
254910
176474
177258
681168
143129
820399
685228
379730
760709
392543
407355
11238
792149
382167
499021
85230
606900
550715
810562
744749
545759
773949
882138
862713
990886
754534
982674
317933
475066
154537
843901
729976
847362
537510
927495
990490
874260
129074
370220
634968
521617
293926
162557
830117
676092
177929
915347
799344
728644
725908
544092
790754
16209
942582
169818
7094
697115
152491
841378
172180
307027
201630
418507
154388
255492
346002
144877
129751
475075
31448
281071
513043
841726
443627
343160
517817
137908
258506
317160
866551
500765
377604
173656
516973
320185
343473
40419
17299
495963
881796
705830
802989
83426
124337
473728
338917
470338
134956
985019
461764
166404
266089
491159
524481
226068
834318
42297
880327
609175
875809
746877
109939
769764
436884
143264
89948
780356
183682
623598
792670
581829
329427
112010
665254
453763
585737
520522
440452
720692
505541
418568
403447
287981
909726
927927
30400
744043
486576
910726
869569
878736
173954
495859
648499
610837
639122
254798
907544
339155
878395
700213
920984
724173
328574
102589
694288
430662
623111
134739
151354
645003
69658
71152
449335
979383
515431
479735
239777
518358
390460
109345
913445
564414
605204
561943
691602
760677
816740
599146
99832
211486
815710
537167
935658
144284
639755
629945
574945
779217
281036
242650
424219
350693
830154
389906
330076
345584
869640
86204
380293
260099
711901
293737
340864
317104
372031
32466
594132
188770
147963
693963
916607
963672
231129
852264
624307
870884
482209
715604
650100
763244
474605
590671
630288
304758
980576
476715
166693
366567
562919
546985
143017
274819
357073
483881
108274
729103
32698
702405
434224
697012
912720
350830
660683
143848
203094
801342
531083
201654
516945
697535
481249
507901
804557
111536
812659
301484
104603
495703
668050
667521
559040
811066
458691
916112
811298
566964
645215
360347
785720
595790
57358
698439
946620
234393
358639
666065
35734
406073
867718
69030
619959
348966
576930
424515
976853
905940
242350
81455
401643
910399
265327
960682
237817
240369
393145
565466
323684
554711
442165
109404
150501
499522
324194
97120
250266
682832
763184
285999
88905
147253
871380
225215
12570
964662
649730
989422
870601
408431
587229
788595
318830
368907
265628
72998
609276
658773
154815
932959
213483
596979
558714
880335
96501
882908
977454
863118
82091
256989
149117
687347
404241
536848
912562
416810
501509
78643
922584
888462
487073
26164
193408
322254
395070
459036
395251
520697
634160
550066
970008
363994
147044
45073
244329
759896
927980
738134
139366
10071
995123
288482
697417
399363
341681
609978
332525
359542
688620
255108
764355
692045
797623
957762
14298
709044
933149
409549
229741
83660
475966
716100
447654
139361
761172
208334
415609
205504
946467
554974
215574
457941
359807
429342
857304
701487
555672
706180
61028
244291
961287
341734
452687
275261
299496
466985
984304
748996
876533
730396
832656
868850
446495
796661
8210
724019
4994
940170
929522
467812
495143
661447
925753
854949
90788
299408
72788
646459
521939
650167
407102
999577
991901
859788
274837
807748
326772
259140
556743
719656
989536
389398
104857
952382
186058
113067
676400
707403
53236
122273
691567
64731
783719
133671
919679
390859
949430
508818
37317
471368
158985
960770
470944
667237
336910
262132
474984
180033
521271
31726
416041
510806
421124
520897
979540
123533
150315
655939
347288
719903
778212
555206
784633
78282
688876
220663
469140
154657
729481
506457
626024
404817
983578
613319
72053
320487
875450
63388
500520
913072
95113
916560
940230
32588
953808
919769
672473
104123
92059
19760
824025
870270
574965
608657
948552
780192
829319
934043
934848
75151
956851
77223
996319
940429
206893
68371
260915
598694
131758
277786
511765
743223
710697
968346
775810
664505
888114
448282
284979
496525
984393
109003
366794
75709
234011
831697
372252
63329
765740
307099
654832
722590
900673
651150
179370
107565
235873
956637
222610
883982
234422
250727
627204
461471
219072
919366
642327
623538
883999
927305
120062
868392
36307
3207
944100
270317
834904
832704
849997
116995
139802
21180
355936
556827
672330
51658
180743
424554
8294
403353
308535
759067
654079
452091
220537
873150
371456
379215
13039
255454
306519
133100
123845
859177
136307
584297
129493
487562
933352
495842
120908
73153
517021
476843
146331
705702
528500
327074
130255
53145
730426
955142
812212
900856
407232
549100
290357
778687
928315
303396
550492
751185
436495
190689
610362
89153
291337
256206
576714
224688
752047
697621
814192
269068
690816
960523
491121
735667
287596
621376
305164
534373
92869
117375
951580
500100
182826
241936
795138
627492
61683
345629
378677
14530
52669
505390
103682
344005
761595
196748
568692
513642
410720
899236
299061
617887
859758
790181
353554
663705
927908
658717
714429
20776
292443
666008
37227
991620
907943
832364
619112
485978
694345
514140
500507
263365
19529
120540
607370
781123
317287
692413
811116
244359
591648
110176
862245
967757
416709
215798
631461
860968
390866
345889
881744
199660
528248
918970
191280
952543
267686
326743
438520
478382
357234
455378
741746
893114
575917
865467
190588
409556
557880
1704
653914
665879
628231
516158
633636
561291
248308
781448
422259
155525
643689
820354
355185
171936
739323
62816
124478
523360
905910
79349
518093
779495
534726
259839
672608
110643
125305
863195
520198
199536
381250
690463
865415
9481
206620
15402
87123
971279
313201
509381
126804
473241
329734
998340
645177
585409
577507
286006
625120
999768
881707
143213
779262
416432
403051
451869
527074
44707
831415
563623
244243
212665
254085
626009
222145
977057
157762
309267
948335
987314
335000
591490
460555
664733
589829
622083
766493
683687
424440
391613
683454
306146
534825
462715
238930
454227
430935
766003
498933
262350
845978
259527
475014
616414
401887
213510
109822
76000
39128
58157
63314
374127
165998
40220
38860
755827
178654
321704
955865
119445
713316
639319
425591
248140
102033
664520
702366
49320
946874
717651
311669
309203
493529
786682
441969
895416
191
551790
487767
39318
126298
67432
413445
292296
624003
968656
564474
802656
806711
520338
922101
520027
676008
864043
284518
778041
44914
986884
827360
508139
220886
655380
333694
714414
442061
775662
126181
958603
843803
130300
997920
970101
197731
927716
778748
821734
412723
859573
140741
219434
896262
579193
255812
572270
443235
540329
866662
4500
43564
210373
28991
264449
865752
362684
495215
307812
654697
137747
782766
498499
268046
297037
984951
465777
224753
280050
803862
153827
655974
944602
889612
552236
523795
145423
124505
483381
202104
507518
4233
245667
717890
33223
26468
583641
912258
521682
407804
83306
175780
190569
98156
960178
487605
599459
942306
228709
879508
746167
898888
51834
690768
304851
604069
730914
450274
244925
730647
168729
752442
734879
414395
986683
284453
440862
570323
713062
478895
494478
796367
654675
201398
894522
131204
689002
493980
73509
434063
889840
819675
332950
458025
26794
154152
62093
757708
604425
823369
488354
773153
92162
739584
703900
78844
24036
144761
165518
737097
140008
659995
49815
311034
377744
944336
442237
66745
954668
515745
17159
360859
335419
866460
818883
362212
20612
397327
636271
141388
737047
640976
430893
829208
896911
134792
424403
437298
795904
589920
174394
935911
766266
740560
246944
144009
684896
689180
727105
155915
721276
260616
33125
56694
127075
852007
935258
147686
765685
87880
805426
502731
245208
236318
848290
142118
371109
272692
579416
683364
378963
270161
619275
661580
10721
382570
321940
211968
588102
565396
884234
309377
826011
917358
882423
953086
769364
334032
617123
51400
938263
422548
554130
183470
658865
402419
841940
546325
191462
421355
229689
86776
207867
365315
748355
734939
747884
70294
946906
852337
152041
831139
161714
978052
748496
560488
447489
34211
410871
64611
85610
349133
3511
156091
532603
662375
74861
374542
725052
266322
312248
471092
353097
36466
836406
617803
771405
100641
204448
718310
952978
356489
65801
631043
334540
330648
707882
782028
364859
118752
362990
966820
467884
366500
122911
486
545227
197771
891379
786630
980445
719978
257721
333541
756444
94126
467696
44200
194766
672143
278861
664095
28631
344661
295137
879522
675309
3018
177901
556519
121769
540891
523338
106005
423742
646248
106490
968968
360371
514221
271949
340815
750550
529669
674355
506993
623794
142050
67544
334912
330545
346405
515358
359175
691065
326847
755049
882725
846216
932949
439243
484337
990191
962581
590341
413933
125180
213182
899252
485550
727402
171201
826364
477952
217221
17071
501296
357367
675472
568840
208630
6016
431596
723987
881543
122660
50833
152943
521737
897049
85891
960979
381385
592434
439911
971725
522718
565091
184906
421969
566992
428660
109521
909708
422963
326742
926778
440610
684108
602249
525801
892737
124617
957396
133075
522511
596408
183908
675453
118144
597308
277695
79122
495044
870128
35385
983120
392845
600475
684377
331166
683818
113036
440686
593525
52350
283779
520302
492960
484238
638903
535112
893326
279871
492508
26401
802381
88915
726660
477833
723410
840319
755527
802531
335362
142007
354267
318481
534851
954741
519209
866016
154911
632245
823054
748435
200946
623184
785089
210257
623774
940343
745369
33451
220213
754228
576203
538945
359494
819214
16777
82903
659532
288655
401785
511245
947013
756052
346077
481864
227144
865286
864231
382054
497530
203636
646841
214827
343172
431929
425084
483297
888623
170452
516747
108835
924679
92950
647779
800524
912163
180907
883426
88047
985913
285210
599291
932926
557613
945368
931141
784757
810653
311723
683162
824534
515359
330002
39360
374882
278282
980795
858178
166904
151246
374924
275738
592276
984225
439868
392799
412740
137126
792576
500786
639391
594138
100076
572316
151750
561795
19808
936506
888799
331530
619668
713332
363240
466021
269044
254473
744303
249838
112650
911206
917436
3926
703296
26063
988150
659515
935214
400889
796641
727789
418026
436031
321926
34454
524698
990028
596248
544505
442885
485047
392386
578904
714730
755626
44925
500125
10098
789227
266315
639100
216784
183750
643025
920079
726164
147526
579594
661377
64767
892586
905518
482792
328616
743795
33597
369665
733822
146197
914169
176707
631243
822906
755610
862324
94883
800534
878801
104981
106112
145115
260432
322896
845216
419808
242974
571379
567333
338919
749108
148451
231504
654625
147595
76471
398419
181191
446135
132241
327387
876655
825299
474981
699561
580908
853657
310795
897794
732457
932127
3905
393923
192558
326800
239138
612365
86126
326868
696050
425044
75975
844500
172900
730599
992094
249370
645370
689637
211857
777610
17023
604863
119260
8356
304423
700167
862012
615218
597960
110820
547344
118217
504742
256254
961368
743879
868618
47493
70746
564667
988889
146721
925519
678140
393671
917612
443861
39040
123600
655717
333001
140623
260580
452260
148978
81354
668779
527341
212923
783090
638160
276619
901306
142901
532872
862674
886779
917841
426518
473876
998860
931758
136948
924378
609897
46971
358341
53758
86010
481941
225826
935363
138915
2757
387622
804244
84111
572752
331584
813385
355842
486095
90003
257147
628995
139226
636172
32125
57067
579042
22352
572278
510799
159300
496655
637048
206270
371347
207157
808631
369639
432982
743993
508553
435739
647967
829148
36201
220718
160731
849585
576559
163177
455940
350058
792171
595165
986229
340647
168583
81622
362999
740860
592421
522298
753866
229468
244919
641565
952976
53549
11203
385957
313894
36108
338047
478212
865255
890599
698929
542338
256536
791840
705514
712475
658249
14037
823991
160829
354683
508926
242451
234033
249785
834871
272682
520003
580690
517600
161567
533665
87501
689121
435973
917746
725228
290372
395957
106835
180970
611237
649172
437505
919428
871037
666331
577676
885073
6674
738505
756108
515599
980955
990140
281735
332177
262822
801737
429218
296773
479655
962882
900625
168776
915206
818370
894003
205577
730678
517189
902899
341915
166360
856755
261342
553749
39438
839018
955173
46111
577522
711280
561709
74828
217772
843443
407004
996945
161532
836221
293717
641186
315454
194342
326313
747011
529063
736668
952588
259741
253856
371838
601655
936568
228592
379348
490316
784381
218365
445488
830491
312238
673120
908551
387065
890891
268346
310420
887835
429877
662992
697903
587414
494797
408596
430079
241808
937659
166746
710747
713751
936953
82584
315405
873520
827527
694752
363835
611908
429469
325675
958750
258058
998794
867301
645123
406036
135646
471894
810222
81874
651238
24476
669287
146034
433072
615717
387841
887082
782462
98587
600832
719415
697522
432588
109286
41401
127339
989473
653308
73159
315147
612057
331217
830292
995709
492691
752679
131354
964584
562900
213227
615821
103727
398866
278207
536798
14582
666047
940231
313396
280986
541062
549162
494859
973649
658447
536259
617340
647919
705918
206850
963065
834327
538066
309708
830035
547108
62386
961389
28044
141637
690967
160216
245364
89832
438422
782161
620766
104469
238744
934161
901806
779805
999674
396664
269806
658120
932923
403497
822391
638840
610346
301807
473166
664764
611515
819553
211871
673900
780941
239914
815537
988259
400130
577252
78091
354903
875764
215208
459371
114507
665720
877528
410664
665393
274192
680469
839864
723466
600317
662254
362305
727014
964061
351823
391777
91927
171375
120000
765826
468667
876265
97714
456925
792746
191317
51367
147649
67081
266574
123371
181587
448645
899
592250
114037
791442
789070
470253
514907
389386
132506
393563
632752
612918
261737
540880
704844
433111
660879
987022
418129
53496
601087
875054
846241
792404
442772
993889
859484
225698
633612
557422
674342
634510
149672
304731
942303
455093
774983
457209
844479
423840
367123
993582
553110
628860
534461
257953
578322
195340
761326
996451
248835
362413
387856
611427
671168
830627
121668
47003
56324
755279
604424
247018
906140
754095
551748
848442
209188
843082
822002
570018
783273
189124
79951
336382
817983
614411
110687
912657
326102
872012
909107
91288
750776
813314
702715
938295
643940
824382
985297
216616
96012
589721
463633
2151
860167
531732
850592
585706
374813
672593
672075
674437
378068
752025
10819
196051
366436
637857
625059
208889
26220
534165
300177
776996
347478
2891
231642
507769
343624
216939
240736
439635
323011
220720
441785
699529
752451
808728
801587
643615
997672
473661
318052
375739
742038
845222
88141
624825
483078
713199
833713
509297
247363
133889
802644
111192
653131
34286
135313
996754
767576
376048
952740
606938
113120
394524
822818
865570
203251
624404
25537
200922
614417
859940
93013
356454
705161
181153
497630
188238
894352
331342
213886
658066
981583
16530
285610
634713
567167
937274
147819
851094
313321
100558
974383
426440
495082
797200
808362
214684
421604
833898
931958
36020
210189
541322
908825
915349
722474
406454
619938
133177
254147
350175
791243
235729
366704
593204
870442
450222
530477
18260
817667
360149
118817
792049
302941
130250
589249
111302
861286
527204
461551
309595
79575
671739
850916
988399
103439
573389
911204
239728
222918
165350
589902
530512
401079
472958
123715
787872
439531
170543
806131
257198
530691
441299
49246
833631
87901
154846
461284
465538
682049
439186
775132
761623
627276
626047
266373
730714
715787
693928
486793
455056
859278
76695
985567
776708
549652
109281
564579
505534
796175
887061
762731
326866
844711
811977
676848
932611
483174
654484
398148
165223
93669
689631
443197
720945
832029
225922
968010
64168
919849
454803
519223
295478
531497
504790
72185
597500
130422
153115
103033
926597
40175
382116
769814
884886
710444
446661
333848
193617
617496
731996
875191
711165
937978
834740
948461
770007
60661
916470
834174
496861
371272
353396
792339
419120
858185
380875
532971
504959
50342
152356
431555
90516
534471
717720
491753
244914
680732
825601
438530
298228
73948
830073
9392
11925
664812
957852
781931
725472
390673
132456
738684
761945
485852
47374
697416
860388
428249
746739
365346
994942
899094
313252
85457
949916
30971
93562
194829
711703
435514
149710
9930
509461
979782
535673
37737
644593
9876
336020
886416
400548
468475
625100
678844
470678
672473
376260
331066
617073
122998
212763
612014
538443
42367
213823
488358
73337
823736
199538
301391
259249
349247
827672
285061
845381
363344
322797
6325
373219
658816
892741
773767
643643
34192
968962
114320
223016
345221
961737
356441
984570
690852
968454
523012
733218
698628
11369
322906
38715
210906
624297
297963
76505
968320
583023
921885
331664
905820
444561
221234
80987
337301
511352
240981
887844
480314
355301
110860
341886
833389
467300
326456
40592
952105
365819
773809
167085
893540
613067
205799
104445
753715
503762
697301
722034
603136
135537
53697
25307
580098
791283
106294
433750
302634
347274
321594
782947
218926
432453
641185
568667
899752
967640
609258
851856
333458
899419
535292
226997
512485
741091
847794
266199
244852
61446
504584
847987
196983
558281
873294
777080
865915
495939
210829
168548
359564
48774
467847
94842
481226
109031
179860
380977
593022
789117
749185
442831
204887
284476
186180
233723
541918
33973
16273
303121
611770
520857
151108
808752
595489
540753
102183
461403
553043
829364
629950
428958
878137
614148
523799
359363
239530
220010
256691
832551
9127
522227
275382
730365
323055
461561
964088
864972
11885
980360
168093
623654
501216
835552
948758
96704
892656
50940
74458
962050
396655
704408
391007
274792
834907
431158
150506
74437
651167
923548
423339
176645
962127
215072
907010
285181
192984
387449
666504
721220
367808
350948
344874
869024
702851
809983
482079
111858
377274
556537
73907
773929
777296
981266
565072
128554
412423
231929
202990
579941
155476
142681
272938
633954
357752
179947
435486
67088
567395
618342
788307
451554
969289
133180
836929
188492
459514
319008
300349
836788
391896
890608
610716
685543
871873
692139
814096
800647
924067
533438
380587
595894
676118
653524
746200
550221
349822
181685
617308
433568
800026
405615
885122
285667
55146
722050
474158
514660
557409
774506
351447
949304
181465
478514
151198
53337
687004
965294
853983
127422
498731
750922
723315
691200
404445
985866
241420
754267
167551
858728
704186
967576
780694
589307
769594
835839
827709
243751
866850
385117
534609
218296
850773
716073
213161
1970
285762
900164
967263
139744
27585
982345
890665
267252
673544
811462
253117
431316
82080
937019
290043
786265
420947
587088
375572
190540
422926
203280
950643
289776
104748
485251
24423
955520
717675
753936
473842
3436
170451
957456
143180
714388
939801
550196
981639
129696
361657
751107
561011
443736
204478
367405
746353
625424
954492
638276
332315
893770
841555
282957
699897
462654
284559
724319
934526
2234
994606
408367
5669
165057
365822
665200
879444
821974
731748
377434
468022
609756
644892
29032
53492
849369
912789
316196
991144
867280
954471
323459
761049
312377
606415
977297
775030
407326
217968
709555
409559
212573
634273
931579
893981
516447
113131
773424
338420
844878
667209
322793
454633
312101
351825
24476
161469
780965
857023
668965
648244
811493
992423
925645
123869
115189
902941
898899
522514
120908
124805
448424
849833
759078
380003
743813
275524
9485
33589
130295
370714
700797
453088
341698
12897
321264
882526
690718
102228
739548
359682
266823
551041
868456
708819
674909
499996
128112
90159
22510
765371
214964
987285
615203
490393
883639
875368
765916
893123
908956
412562
263836
609752
865649
121886
139001
703264
4411
346070
321843
743958
222103
588666
294998
90558
813836
486259
106905
941947
576417
645766
707318
307732
633051
838872
314476
516689
714239
596743
926164
623194
9305
189999
749298
391305
828236
888298
610921
832646
750719
932763
576604
972821
37780
871601
579730
851616
874211
686634
793562
966980
332400
17231
791063
965450
372455
105539
998490
86693
702281
924653
226239
711585
631004
975536
619242
459239
380185
230162
291885
130903
162924
868488
620075
200704
256440
199804
568671
647003
886437
878584
613982
218836
412167
405044
700637
784621
510582
699127
871313
729215
623779
613903
957151
254782
105790
576392
714021
485974
322905
522257
133228
485829
390744
753302
202884
163535
953105
287906
810537
355894
166489
424518
574729
578655
345914
791718
879627
372847
490844
750940
102061
114622
364842
59212
885756
470632
151955
116128
472957
474860
638384
122537
477040
545479
392190
196275
225365
345295
484180
35902
217540
167020
976771
308620
745675
839036
100337
625301
211883
591180
892592
313943
222154
773786
889506
107909
760769
557813
740388
750077
32672
895123
872613
509711
440601
264803
705985
665965
126449
706516
218218
343988
873535
711341
168959
135561
550376
269296
277214
278610
860475
169805
108905
82628
459942
998410
706888
737062
556222
447275
487139
105245
342397
876103
131307
299349
657257
353643
481666
300057
60158
216235
160396
933693
927575
329355
585605
994303
598650
862818
272912
459124
548975
381816
58104
525268
896578
764991
262330
969151
