5000
1
999999
2
999998
3
999997
4
999996
5
999995
6
999994
7
999993
8
999992
9
999991
10
999990
214822
709163
328580
255249
39846
741562
214698
616125
247309
285118
722179
300489
215
447661
387
554847
561033
939
273289
860
180548
704717
852478
114116
50591
362269
71568
737389
175854
895571
505669
128332
815498
526605
748822
147839
872468
899838
356595
605
204485
14331
434302
561472
800264
61
960233
30914
489299
392517
28
481
165510
281883
550836
636807
413097
526336
855968
349672
810034
756224
825152
134887
396865
996857
538160
275461
875751
326147
536138
391451
532863
591988
278908
558485
279974
929889
588640
836998
965584
900472
877460
235822
945
812026
599658
600398
381658
310556
61918
631699
843590
479471
602231
800
920307
83995
864
303374
814041
447374
448884
432076
209167
673140
384824
257
722534
355865
751536
43189
377
207215
367322
887372
464103
186341
124104
904377
750577
828179
667700
593414
637549
291119
337837
888633
836266
974737
145513
368
233034
836673
924376
893321
31
286394
449269
166468
866071
895445
523109
364758
449503
874159
634090
243434
937607
606874
279500
90439
758545
915520
814979
976610
128906
464164
117971
178269
367601
92078
153362
684189
235894
983
295545
412673
503023
515764
139710
256530
689387
158144
234
606
835216
114402
445917
645495
88001
63016
156030
663773
693662
897016
843656
401350
133122
270030
650
33642
295
540132
275996
88974
413
820987
141325
842221
496534
7071
75951
310977
236272
629451
781675
996
891876
446586
225573
831
685262
77666
934485
727
60469
926123
729877
841717
163318
772141
395880
632036
159072
446266
45048
612800
541
551326
764056
118
237
267663
151759
787878
269378
557678
639376
586518
488742
595
834202
500229
671
220975
627036
747737
252661
282400
825138
520843
974
792752
829456
421052
713430
891265
756871
394564
75554
584998
930005
79341
386
342282
165
920782
70689
105795
984860
325
18071
970059
834666
75235
82333
740687
859638
623291
43902
442
987
225905
916058
211084
446
104888
900166
308829
339548
816404
751805
178
134850
622532
852679
218599
30562
414
772746
532
425
25042
933796
782595
32620
181940
848935
404432
281393
383343
515670
512098
501656
845
503526
768
342744
880830
221370
839423
695349
119
627619
46
782852
400487
327151
835322
188942
872180
374846
269865
854466
683329
894543
410657
506869
382594
528613
734931
926701
110179
820833
800298
309371
772279
915811
454096
47582
492576
544512
697100
195402
171548
506701
549684
556100
715663
633772
415116
731052
141563
257947
931345
761491
906
973162
36760
43137
587966
824662
404
939465
309809
118257
570385
201929
883885
162270
71400
465584
411494
949517
380309
594928
563362
406660
410144
737205
727
813705
476947
27574
832715
195825
138534
682540
572303
884423
284431
388570
163620
853484
716275
753065
848455
229630
723012
449827
930152
340979
835
354945
457225
25862
54518
377804
322686
264066
831
235794
98388
836838
542943
222275
378291
935849
930
25810
165114
686548
628117
458876
933764
756394
363693
319342
687072
316
777771
123157
840263
390901
508827
442102
808999
151
137863
600202
1360
744490
829006
730871
914034
500628
486473
129264
605149
478318
362558
536600
827354
334085
163647
887881
440795
514117
578138
992657
122509
809581
707533
578471
38
736063
91088
8432
960337
637975
889938
849622
345507
855
948
944813
827102
957272
771368
208476
709343
133684
288096
205627
17054
271666
286
140
439
369390
101668
827766
567030
992540
579579
854
330575
563086
626954
754
771424
744817
958749
200987
621207
691
690831
593463
412992
30255
522581
241734
736865
948827
141925
265206
688182
456
19803
723675
23281
348639
403857
783890
686798
733
954488
118860
274
86093
563271
656953
698739
90678
110
197406
665073
782950
540748
337520
41562
841
114
850869
176297
614468
855736
783344
74
851600
204439
193517
274707
553271
54876
835379
97421
693317
936821
123
579409
70727
256113
288464
307
310481
215669
905860
990881
642627
718644
426417
478902
576997
485464
459257
427228
205335
138883
757079
29139
758868
681155
527951
653873
302
438918
932140
964
232181
751045
121665
276
111250
14740
885737
374169
301702
718544
572911
439722
903948
842392
698056
526014
423670
605171
63
165047
894594
906733
746433
484251
689948
393958
938865
713366
762382
522988
533213
858676
125869
286636
946
41583
309
166
637486
813793
174799
160270
10371
551127
214886
304053
197694
762769
718175
287090
66806
12298
696557
571224
470817
295151
633006
673755
651298
88754
296708
300
619291
224781
55999
928955
25244
15780
194182
759353
673382
726409
107133
294305
972742
657131
189
150506
96936
490643
455815
649330
339849
758749
211423
877256
640
976754
112357
3466
343455
993
898278
697842
965039
712991
232429
66439
242
162380
964503
703003
39824
404960
613257
92175
992431
460964
989406
812628
591285
403901
521844
929247
295226
634
967983
356706
634356
693
987694
297938
765403
841157
973021
33437
76567
828818
38
24
616359
799436
275935
338916
234213
604927
803677
362108
976770
77278
604
83483
977291
828119
619709
242026
584490
51427
9052
46542
857671
653543
969208
233181
361
72113
156689
357190
602502
12334
739086
972046
325048
932478
345122
949667
950091
435636
814
711055
753054
26686
448142
644144
431644
684288
517951
922
532
71976
272628
63716
231516
230449
216299
33523
539349
662294
426867
243602
313407
233075
578084
8642
929
882635
945737
618594
690999
22543
108892
242259
956229
531627
697761
877778
390061
466
805543
143
240449
116522
953749
934411
996225
270227
148063
206849
790827
865085
392333
946921
932678
777886
87249
390394
612956
700945
314435
85610
707068
402
298607
401528
428315
109754
45464
644548
345778
445
694288
276279
47706
58999
415578
489150
72
698630
37567
599920
838814
229416
410521
862333
929034
985604
178
498689
562646
748515
450011
180056
74
252103
955042
433
365666
782
377
4694
556461
34282
446058
199312
695121
180430
460
370561
191708
156062
691371
259416
203830
990938
712
892618
520731
374054
748949
613614
917862
917530
73384
210362
559400
90460
292582
735761
943954
37951
468344
577983
783450
223321
563824
419
407717
613140
224906
856251
616892
38
713571
733276
14793
196296
190694
87425
26349
765153
647138
924252
946458
372383
591558
786
173895
408882
893776
216753
385108
800293
925360
419610
493665
764
399633
595704
760536
499
611984
870116
740377
695473
859288
309271
988046
388094
839648
43
232608
510591
502
1000
306315
109511
428647
536858
246896
723457
633894
322980
311941
413761
456092
895181
474680
752013
367169
758056
504
532988
565931
530478
670630
845672
788344
483273
815188
477583
296403
450441
224688
336409
241363
716690
38965
906715
711056
345
690754
205107
36291
421575
704181
914
703154
816878
528097
77863
709783
522874
750130
82102
129821
285967
218175
747537
313927
148954
433167
559038
213147
204292
976771
14441
353
691724
413563
415269
568
465255
89579
303
6472
77892
291691
375492
458988
75784
203
805168
918975
828019
179212
504617
828586
937852
346931
922566
534597
231370
469258
504210
368497
782960
155164
173
736568
859443
952771
548097
470171
408101
872553
975677
579149
427
619298
689064
736158
504590
946776
381276
558469
347702
134680
75162
778
678956
802
930139
333
755400
739
751192
669514
424
345854
882139
422340
600106
980845
944705
51371
891342
523859
65869
420883
907295
437750
60886
994464
831882
698
545
25378
31028
165490
941811
672
843809
946903
194838
482321
427570
699819
398626
409303
214
915555
568785
519968
543185
819516
955857
193344
806644
438238
206031
86694
843411
685605
755047
589751
676955
315234
966092
8425
325389
858812
687681
38851
290070
153449
201
978296
497093
384
498
935720
951402
769078
124720
347901
313108
473226
204330
475086
85199
26122
815318
953747
846968
290942
419061
636740
25994
373756
31245
70884
660
354450
896
370506
699932
632624
856278
601636
355678
373883
131
307529
457888
649880
207715
982431
231025
645453
18
679834
735279
895486
197537
871815
757785
485499
113118
642316
151
936774
940590
578901
980
649
852138
680696
348
600426
866456
416687
664626
150285
456
987362
511983
83754
153379
178308
752481
737594
733703
907650
852822
175233
556595
702
10785
862210
163337
866952
929468
397183
620912
163427
69310
885
722246
186775
170094
80694
387377
812659
276403
240893
548785
565791
881879
126506
654366
282904
705539
326245
835955
839468
770594
807923
334354
235527
816620
247078
475320
870998
303809
570794
317981
237553
921
169
471
753547
547995
779
630662
974142
763668
895473
605024
205866
239367
314956
88892
256805
983979
311303
843737
407794
290396
201316
993868
945533
990877
189
112679
515964
830
381217
757921
640049
739199
59783
958036
366717
785440
363219
146532
600390
464202
680227
392951
639969
713031
750069
900585
54382
388109
468
696107
278191
897124
231633
637963
229627
993612
422105
7101
615929
886589
957279
169672
693225
926452
290789
601686
193456
120757
778439
738473
508
724183
410706
765116
261496
910474
712
362321
813412
434
448
731910
282
789
184643
923
10534
539791
387658
971158
466393
975111
518515
912613
846731
557247
470658
324718
286918
115761
28689
840572
10561
988638
998640
559917
393354
641353
439442
737205
866242
396274
864696
782222
206546
847005
601702
94
291503
609193
113010
158859
229784
115889
836341
678401
312540
765
169
536722
839821
968
612291
958249
146596
50858
776463
424726
500539
267023
167736
169435
622460
498161
395873
728809
836872
401
955885
903687
420429
793232
637250
585165
842
473814
918266
301901
985261
446716
367
119
299875
98356
36954
624080
462335
220949
683221
643372
908603
767513
6475
422481
981049
250982
627028
127500
142871
757750
50940
329813
728
99395
654041
953627
538147
658
703753
869650
233211
995284
451990
614974
346387
619979
693392
741165
649752
744
602190
418151
277863
556505
665
913703
200571
673087
118046
995663
209878
802587
577
779626
990
952015
623324
627
816517
801709
727793
510332
313856
53206
768092
368672
677990
513183
207941
353637
999062
205136
893482
872253
448128
575654
383977
261872
158406
263918
85746
674040
967805
249761
748474
757556
705806
731783
883597
851901
792203
50259
541951
388218
141411
626853
798929
505096
2320
370
728445
92468
744316
603142
572066
168966
13534
541572
247568
467073
382985
727041
227734
714605
978868
273
490127
250656
544205
782356
796383
521014
351958
417505
342159
5279
72657
778325
390
411771
795226
162905
682971
794697
183961
620976
337396
346305
208418
554639
488082
626690
397760
123611
795239
374065
967696
355162
938573
475260
966241
631084
887148
30322
460192
163803
718600
375
791733
321466
191713
323220
781297
209868
963350
925806
477690
460938
288173
943678
234510
105939
593
866012
901104
260067
296
12
24605
22316
323
63216
892
878753
575820
1534
511802
380678
117491
768554
686310
306
415
889112
818695
172523
106892
856916
620876
432013
773468
32569
870925
337504
840714
87592
965557
883341
170741
604443
749307
404879
470587
356048
722941
742281
246080
678964
439113
784893
554485
900859
582
161234
648031
334370
69753
409788
525
363085
579306
560994
240375
303146
794138
897752
406083
507607
49478
583496
846
646017
629855
976349
584126
367
578737
837799
487342
253718
355344
183
837020
692966
411069
849678
176558
278127
706489
915400
83953
91488
590892
519163
255497
606582
206004
24768
453562
108599
961805
435920
466218
291269
90503
199662
473966
206277
292929
961
922677
378313
2694
359976
44139
710641
174730
497041
168682
979278
594
188967
374
772882
800371
290
39350
990358
186771
13031
903898
228839
233
843
826405
856716
524082
56074
17
6446
144612
886578
821643
460031
33850
782279
895395
655293
48289
184685
8717
614558
182
303990
841905
933037
600992
812625
840069
764792
662549
600143
789222
934314
143107
949938
639348
163340
307301
139348
695947
152
467017
320901
792674
524040
625791
230030
372790
241524
121191
551132
460
539991
563743
113785
532877
685152
915516
867637
584888
81160
538474
881947
449509
830917
567
732711
428871
402228
887894
711891
819719
912230
168696
465454
962962
15614
884968
106252
70462
537767
839758
847099
558793
933438
383895
443402
946387
598384
2
714602
636245
466032
506006
192
983273
981385
565272
113
6208
458676
555
262328
900452
308959
590
909197
92280
671603
381334
784572
47723
348224
340025
261496
78457
127212
671068
815522
451
225035
10837
336864
621
108012
30346
277783
244781
247204
416507
429221
628
84661
324221
784364
626283
17418
232507
131607
750989
567287
848216
179912
707263
396734
143817
302062
262556
955239
282625
164441
77418
900463
339040
846866
630912
539364
874212
973559
638
606098
944869
630117
348056
128421
895538
193486
966200
444844
864480
143386
186
336125
762728
508978
890299
864609
992452
631171
867234
647497
454928
462
925849
247221
129859
76
858841
484396
507785
388
751015
317390
978441
636266
33761
324789
587711
357529
348282
213205
826908
955688
411999
922737
82071
987116
406338
336059
397543
810396
876095
480218
900028
841350
353543
859361
496363
595403
166967
723464
327475
596326
43496
147000
933117
414954
606786
301427
732918
783532
711535
781115
486353
630464
408862
416560
92917
12762
459474
605858
145566
716007
915983
801778
674414
763770
256614
622256
435607
396285
149261
123418
339934
892793
324348
220407
33668
764878
982255
141165
39
436990
207487
913834
90445
123671
528
921
399063
319853
847776
176469
83
437803
871933
874695
716316
263995
659299
842806
475038
348422
524112
463021
767720
185998
51079
319324
978832
746113
780159
200927
703867
215611
544036
468366
809683
83032
778859
186220
934866
113178
898254
808557
703831
727851
203888
494670
422108
299330
797105
13626
98688
454787
671117
938330
527428
377
914690
216250
544824
701658
709114
438322
937151
759113
3
543156
195287
4309
334462
699329
471623
869489
427997
347624
68918
351555
802160
643890
72677
681533
694886
316084
953167
52198
866
837956
111917
391271
502584
62298
772
727238
417820
304278
781105
324043
917744
931785
79043
235673
650280
919181
104422
307825
974859
66013
357033
213641
107369
411
226657
463234
431652
97113
668848
894254
337764
626
7320
739389
84
26429
341859
757456
50679
231
489201
713559
740375
519100
977
279235
486
939
118425
140424
354010
218961
715030
469438
693496
708973
220418
313113
398398
217581
819777
124035
653055
109854
509623
99
993336
891596
766168
891127
110188
980832
26663
628373
81870
530620
944244
836562
307
128128
121115
404163
682084
184013
7127
707690
925260
233135
80244
385623
503006
844698
919897
120445
850038
967174
553265
388998
487336
347057
31643
215139
506617
260656
621
437870
360420
163715
829317
803015
201441
659563
191575
574318
270377
310433
798124
860149
527991
209670
991139
418087
356412
818740
816068
806231
424332
132901
903319
535
205129
116737
415786
28864
115416
396548
649628
633570
566847
75908
139735
127139
189
990352
225157
357075
613
331448
87784
118352
724022
746642
27819
205300
530500
739755
978972
765
875
452319
233704
718759
137
829632
278649
551719
653840
776
729188
624369
520210
738593
148706
827250
516362
939698
168718
555867
509021
1994
119
834688
60652
265781
397378
788
154248
646
765692
197085
753781
585089
871288
479118
401309
309416
682353
37415
470652
436278
914040
245695
912346
192
996463
80241
806554
258429
550688
182306
690
458446
841138
433122
534749
968841
917564
36044
587636
895
100546
542722
882447
137937
304062
25668
198966
38206
457120
177017
798668
236050
21913
295901
694807
369772
234861
182736
520107
210469
575397
535440
774338
930833
917676
64149
939
629835
607
368124
314373
353332
234497
360395
211812
223716
224358
835101
743716
246
385168
436345
446479
571865
553387
279872
851831
419277
165784
965490
116367
354341
62048
372341
386
214558
262905
398
785471
842537
700539
384937
448048
12468
194909
640483
757458
87190
31560
852616
645341
121025
46082
247348
113360
411099
298458
933714
830
570073
314731
346678
720716
563025
843297
796841
866
139771
975448
65792
67029
696787
139164
461128
642024
642345
397024
996265
251040
745206
458811
242762
958508
649072
664071
834707
107521
760250
117650
574299
785928
549428
418863
653
344272
180678
641666
631596
531324
716677
914463
382116
236435
77812
717303
272150
901117
895423
297
808
614140
745811
745
889383
754159
933846
602003
306338
308358
874577
559144
166136
469073
717244
238304
538469
840819
531108
652309
183889
300264
634994
708789
539
893476
186911
482404
749046
938517
994781
211845
388550
912701
261
597440
350741
564130
202175
590881
476505
16853
389553
682
693103
238578
36611
443609
162040
310912
746224
231581
536906
209242
910400
460
381326
322569
381542
608360
766198
101579
471121
69569
390210
366130
210399
899892
582438
954522
644675
220269
7582
605
549618
865064
584079
562454
356366
53587
548489
545582
175
336291
668356
316297
521170
831
558737
783
322194
180038
95375
39158
910885
976139
772194
365102
595864
117860
436287
264447
129866
665
421309
94576
321
358746
686249
89237
616405
714026
998324
529168
736254
297826
890020
34967
74
414323
469154
295
615576
39048
587686
594652
665367
640010
737568
188399
891169
491494
965947
761892
532237
743938
160089
712326
427
495972
431
210717
323547
604
247741
17786
479
859504
142197
610846
100634
592153
588750
864
544
797087
906189
16897
401399
450267
385
79894
710057
378953
298174
632904
805079
840393
966926
10470
996874
203
749297
682192
155616
299734
982475
461942
446794
478188
621393
468203
889
368075
275501
851566
29686
370023
94485
251437
383524
979541
465264
929
612
543689
162335
352172
205511
409562
248399
983574
535069
702211
75125
304032
537100
242631
251457
24950
902830
468
222889
157719
519340
613164
226778
328
794367
533734
329
734075
147560
559451
59893
887490
80298
749039
475144
995423
232
911
29195
301625
941056
537901
935368
346398
702233
137113
559756
700101
969629
577174
777756
215664
553173
379743
734926
141
276271
531808
240126
178168
437
522
772
858445
573
992067
9
664978
798741
103280
793226
446798
757381
142
907355
654
534330
685334
733302
479495
64
909381
985814
41036
393
326492
760907
931311
760053
16686
188917
723
953295
398
114482
950
973832
925600
227727
292758
839997
565078
905507
973791
249593
686302
77455
287296
693
947120
790520
472017
120038
139929
422
876494
24639
399448
762514
551646
801292
116823
918
505388
281925
972405
722314
706428
805774
635937
828166
383741
888362
588
364112
105530
455692
340192
892226
35561
90566
938856
524338
502986
437036
422
456958
684817
865918
736365
752571
688713
585900
31637
992113
308829
187036
334361
23232
939374
142956
102
872782
88169
222736
786599
9904
568548
471850
958570
95641
421268
102955
639118
377186
620
170397
613594
581337
879503
434222
912429
430700
860489
837456
827356
30195
709003
662
492
890222
123483
562589
151440
307
919
427070
495068
472126
898984
794075
484531
772928
568460
988444
899971
476703
845155
158
265714
244923
456164
524133
17
391
81304
57408
142345
427878
465732
591934
899165
889761
4903
894964
698744
386355
100228
97843
77580
546993
340768
112521
170161
112549
108613
592593
467172
387853
152034
750307
148150
587859
617469
539300
966788
396545
690693
846
445830
186486
117748
645893
610525
780544
896683
69901
733384
761
888477
972279
236043
790
386165
48982
310
325564
487
327598
721309
916173
744184
416392
998078
602449
66716
619801
331861
136990
607026
575979
656428
322401
461206
11197
561701
665617
36972
450259
912681
860763
860741
615437
29145
601852
83291
552723
385
524460
915
835061
449524
997213
935490
980898
917700
305228
253
150299
911466
551673
391384
547680
522939
165432
290433
601898
77850
126364
996783
419649
256254
901074
295167
589575
893706
372023
854
147801
908978
693915
416277
67465
38
447974
295778
998665
323262
762428
14671
596698
455428
334804
369360
107953
432202
600015
15
277057
290321
299514
293193
346220
287203
115900
884163
912969
865805
301
173025
345872
381693
347831
816368
514361
165285
432497
883537
977262
163831
569371
861977
74842
178585
736430
772044
667262
650022
891981
366659
605694
943660
736207
86122
26610
662477
458989
785277
526785
269581
858084
888130
709566
540439
518746
522094
467450
676834
807156
917126
527113
943949
618263
548340
235702
436671
373749
619131
377157
199068
95077
48751
701120
766183
488541
370450
291323
515959
72034
83042
396423
915724
387127
367691
208630
688595
802124
866232
462930
525724
344134
481328
724776
573450
575789
132954
718817
770792
793
306368
73026
535774
990509
787505
78946
995467
529
246000
39317
889274
336614
735152
228239
245888
653461
199900
515311
768248
311980
147478
415050
813873
879307
720
682234
760887
368659
32768
142590
369214
845336
151643
429406
681790
881857
778241
89233
426374
131380
925
391084
540
745
460539
655887
704143
65307
221693
320379
206740
977
278002
667225
4356
785076
535506
273408
989030
601575
739846
759878
302782
167
512697
414633
997381
891186
889880
192478
793
171526
754765
172343
216292
108020
706141
688774
170489
234483
164800
620093
738853
791540
514898
636901
302
238258
133212
699477
245230
779950
392830
854927
736219
793592
97732
836944
486792
449254
526286
840048
467
387412
31580
974949
726967
128466
514315
479127
65054
89686
928367
761302
987499
142
707159
578824
436647
668
320681
457085
367743
234813
963353
452497
88581
105490
712820
481944
888024
792427
561286
373906
930938
181731
896608
729174
610214
653834
269
380842
246301
939
313691
723538
192982
452010
668857
352866
177182
3607
542234
898751
701592
816602
86059
602909
402
370
8845
123037
986199
872211
670889
616949
469953
802519
383660
73921
479
977832
121504
619844
174771
518870
623
887190
433552
691
399689
549297
621751
356517
428333
897093
564277
707
557784
75901
737474
246353
450172
696947
758813
293802
993022
958
983282
992024
423542
413176
768831
878544
531902
691096
790967
580311
526912
743888
282430
477863
387857
820153
367
993620
776
634895
633544
737539
811140
668808
27786
380079
194766
540874
549746
225331
814074
210485
274826
758686
51
435042
62283
914131
942693
466
932859
404987
34216
916669
838835
113
843986
583427
834
435843
334424
536745
680831
86399
584805
209241
7196
602
297563
100572
993552
60390
406160
96601
497034
12724
255959
916002
52743
711498
487100
593400
674221
290376
686076
661
435873
255869
895822
508302
946892
870994
659475
538
580592
953088
697603
950
405741
517190
228635
398795
821
958427
393974
809055
389785
301598
58543
779962
570385
667349
979747
695789
840450
615716
208363
243638
61505
441041
932374
739
92694
629585
457650
573676
336974
429167
45310
500684
946168
63240
52038
136301
521463
214886
897078
281
797
670221
121803
944669
200
682317
341795
422299
542755
581300
538389
554357
98566
195164
820339
624014
380185
642933
163832
629
765534
209
404732
980504
138478
187519
857250
816
632983
541049
656766
797046
924043
127362
118
678
515963
77419
115039
203718
481971
620517
921040
578
981935
233069
174753
181850
403925
900146
738095
59527
588684
829695
279444
695375
311
539993
180784
640
648170
975714
373055
904764
923203
784466
871720
572660
49
796135
139682
854246
445
84
907899
868897
445821
156888
714353
531897
185672
783946
5808
254480
314215
370449
588039
231900
296228
387
34219
245419
613137
25517
38951
626964
534954
978214
796939
513627
179014
293343
428192
25944
730801
440416
714729
76183
302
746042
424531
387660
122
134
684242
276781
753591
346
698379
852286
63272
769383
544372
544815
991481
298942
474132
722401
15120
663601
995
824879
2723
730043
764432
929227
940942
265681
272814
499374
455
390326
503773
400289
745962
244933
964
148342
708748
178199
634082
880179
141239
76726
203275
612661
457160
231462
707400
122771
157973
326502
834043
469617
901820
723380
795366
949870
270757
91421
607634
536
461590
232797
592782
532602
163810
418076
620
627217
618989
316216
873391
853
231498
805335
194290
280507
641554
778599
457321
683941
609470
864672
599
227347
407
504269
634
917875
881
412637
242671
543124
162053
603796
890407
464080
764
481953
23256
493
952883
21293
880
278252
168017
118185
659949
986008
235657
923960
557090
339140
384025
29921
993814
39820
154630
253700
74
660735
82377
689796
543160
177487
73637
583135
475863
185655
166303
860481
312411
454269
502264
886708
807592
92472
104595
831799
309
33989
285343
136076
535478
588027
349019
634684
856139
426
190881
491233
425510
94028
757786
809209
88368
745336
605498
487873
755087
957259
444830
13098
711508
445702
762382
699945
561172
473611
848352
293157
266446
403320
646
474845
437443
385
770
122191
662532
848741
796
996073
149468
10
373719
590093
768040
480453
210946
254586
817314
784404
649788
541244
856
192418
146514
532070
162
45656
269747
571641
561792
405230
181045
831575
704661
440794
979892
464264
473185
158
412970
641580
132730
687552
417
530919
381413
93934
664
660819
674243
537172
414772
605639
483451
831120
376
638170
21646
17923
461517
292938
612323
868250
173783
495121
992535
558549
438751
720262
133716
922181
147014
93066
178887
235429
510323
710059
555533
457729
33672
873093
785962
777222
734237
196276
371185
508130
221421
686858
226388
554916
255
34594
345495
905363
665411
598511
222997
345495
533703
605870
749986
416193
325131
605977
885620
240682
258862
536491
893
733004
529620
781
229
493795
195802
525920
971403
181369
256450
2116
325531
600
442208
592192
933230
11485
626208
229437
612
553680
357420
721707
286517
119662
927813
80227
403489
370374
45811
226124
254309
840
708902
109205
129010
362556
210199
912
743445
333
898095
443117
837304
931317
857
122376
679552
351169
826714
47244
564063
449825
26410
925403
531145
447520
955467
159943
84031
610066
464364
312122
430146
828603
17156
251872
852842
876249
409171
914472
314003
291364
514705
425083
459225
183097
281795
581708
186918
483005
800362
327904
950778
46661
576
834011
134243
866238
42769
558978
676479
873915
92683
387023
583065
817561
947408
844
171283
992761
505581
956
762360
189710
786565
596
439200
601
587026
204161
258929
714403
186777
283320
919963
377749
699
513651
538443
836372
960338
502077
731970
29090
592456
779061
306336
794726
352939
640680
35
570338
818144
488435
410771
792
114591
583
712799
745915
556152
629680
136
149025
299
214
582499
639488
198991
544517
286756
485669
406067
604
815059
596915
552861
132557
658536
291161
886145
820894
673570
611600
204
385353
568174
203153
32440
955
880493
662985
607046
141737
74121
446494
440492
556787
662078
5681
148428
59021
162295
486491
523680
907
497000
995290
101572
921050
882604
598354
915464
207360
170330
855376
243022
805971
795919
421829
839683
87998
814245
600
133071
430412
186238
407213
668849
35422
455334
124282
999274
74885
560
298669
238126
488537
522
645022
74966
928244
210557
596340
478353
439281
725
919728
583527
859145
585412
23518
61622
110293
239883
719804
19498
795903
312528
123352
509570
237454
893662
962644
365754
387793
947468
53523
491966
168134
769272
345604
851
945061
71325
235571
575125
233586
174748
612265
612772
458210
787
323381
440
136113
668
129374
929129
319
965497
802885
756026
835
587
90700
975730
242051
306320
978214
169986
134211
765148
441202
700242
565247
546943
946685
690072
821328
120228
77108
180773
678545
211525
6135
870
257926
764
945626
1788
692851
718907
416351
522693
480672
146740
918957
176947
996247
26196
837629
746951
148646
134708
419
131915
362567
529726
551734
411883
727247
584695
764478
62984
769780
813597
813164
556551
584351
319714
808686
348426
480669
102464
972864
212345
101879
281052
540624
842324
410248
204106
238
204121
937980
248575
301801
384482
522291
181225
143434
652720
676592
995301
389811
841
682694
602
738764
851406
628550
921369
875771
458325
508706
966741
84846
737321
206573
414261
201273
348549
737152
307418
888451
977458
627
730415
530971
393807
782561
245984
766
962299
326730
769
458432
880376
727443
426010
922252
831294
209939
468487
523403
187388
219555
609720
470650
721363
585596
9
630170
991486
776
271836
786903
972101
599724
534847
779094
809666
663240
281539
457151
323859
425367
91
20690
329522
136781
941829
397256
732482
760475
186059
871872
720731
884820
123544
481
531298
637881
674088
329
379565
800773
996471
212194
595462
569
49373
886353
771475
154922
358243
241158
145
825
645085
460
43605
325338
292
899
977054
525806
555592
516219
383131
67125
569
263481
614555
942247
680
456499
648058
784622
831434
780488
36
435871
882343
187628
44731
407
408932
468656
899473
585957
795741
808
264509
908524
290101
635165
879311
216797
912
6808
627824
165982
7617
198300
935630
855996
88608
633214
406761
777565
918536
559085
748742
162681
755848
94211
127841
994356
354055
757439
700900
658390
771
518433
568743
342
957965
90
167572
894
756713
610248
280869
400452
495327
313891
378856
639636
673810
989956
109338
623927
96977
717041
980146
890310
870702
129
248079
391981
475639
714185
414
990662
899
195556
759689
366512
173532
676
108691
199682
34505
883121
837069
598223
549125
700702
9438
668197
467885
946043
198383
349006
243587
909698
74231
357622
470811
992772
151252
754065
399847
754369
727096
109844
254437
884660
205546
828611
35675
801409
847690
732844
787
65230
588
863620
441
778200
225386
212972
553836
21022
996515
318583
121226
353470
420000
608719
424107
279244
533
500319
158145
52371
555806
467
240
410231
660562
487257
336253
223211
18860
129134
636182
567779
783745
993540
746563
595100
65994
412687
400238
741352
253376
189496
337566
953722
167695
842
140447
337565
962326
127137
282985
606074
152
207
965564
337033
549575
537323
431638
433
133319
539971
709240
5
603408
197339
69034
690663
431612
236034
268237
60997
205814
939941
270763
332004
682318
212712
1129
963625
270
900665
302084
905060
674928
254957
763110
694759
514662
40712
739652
853532
785303
100881
241535
78967
345246
702
295211
607657
403210
760434
475
713214
692214
657890
152
653
901528
496097
291738
408308
181459
346329
473975
453421
776906
1314
611715
457191
727
577132
460143
593243
166828
578192
276734
262943
177397
821473
923555
425644
411
626
264307
100908
81
696131
138
760480
228355
674584
493557
54489
312047
381290
910100
154385
802678
694227
774334
978840
979041
993907
737835
870683
806219
400350
69733
745297
449174
25334
83769
156533
112615
576
311487
626916
195768
59
356060
614872
84559
725451
94792
470647
533898
328253
983475
55396
140
558084
765438
14904
732416
511368
213585
87553
507433
977
814
983970
468559
504395
809470
412287
52055
664019
333033
179875
399429
626383
320056
465
849263
60239
495338
802906
13634
758053
999873
301762
818035
24836
577003
128104
472
657843
660371
439761
562364
757
615659
678805
334942
369
888377
423725
125038
259360
331193
442835
493352
5366
789147
707221
153536
586086
477245
116325
544344
69018
815267
49773
814111
92622
726190
162748
667070
666859
733
917786
526935
125
862505
568522
70
56182
752579
571
8989
339455
771357
646481
408802
939190
114265
802107
939649
203095
235
48809
301280
173613
727679
269596
147184
102280
106340
590707
577077
322138
516749
669291
183047
805905
126240
686644
580
412189
986130
815169
359595
552329
587782
88764
82341
333377
487695
731134
834847
819805
838737
859866
478063
261
210558
888964
462512
823824
3618
166
881552
409
351822
365701
117722
929657
605291
726308
759490
493871
172908
563309
276
540970
125216
241279
549412
22421
152876
431913
21870
399600
517549
355
659935
461951
166666
818578
724630
443268
991418
210769
136288
931467
471077
250369
639580
293
748484
687979
618795
85085
272414
41291
360610
13972
913415
519
353468
992420
115
759
756936
336423
292
861372
163578
549
99197
518725
637836
672610
633
123546
243949
122921
374729
743019
621959
324729
110153
414403
40902
808779
566846
220015
915762
475722
349072
420437
731264
999616
620604
184487
304321
754302
25930
609851
216827
163214
661782
336027
622956
186747
439425
79252
178949
305092
849911
556319
541406
568704
993531
662574
625593
508235
237426
893329
170216
860817
201463
808738
561549
694168
631816
79896
786
68844
431540
667
796940
660107
411952
284549
468372
755450
380627
493
51165
322558
429003
507556
340924
319661
739036
647429
795613
702558
622247
122717
759185
517294
333379
318846
974186
637339
126765
415240
598195
104
479811
180225
844600
468165
471490
607521
122126
718899
516755
716809
254986
313332
49442
512279
641810
683157
505757
967538
697950
198693
40536
69165
518328
419488
323
174900
300
830205
661100
479182
107840
721843
849499
726
65820
686806
886938
676377
423192
657875
639989
201279
23061
101
36309
295070
706700
206353
192762
797804
25005
962514
731070
951473
570818
212142
265048
300939
906735
377721
941541
215399
817359
894431
245746
599901
746929
313237
989563
50152
842683
838259
505385
689523
477826
355163
160
71598
504653
532
51421
300853
936020
657776
365001
276873
782
297712
877102
63746
133399
420896
140823
829327
636641
458710
354413
59093
995346
38238
350546
103994
154979
355590
795070
871163
82051
161873
246016
144367
805
913377
746
138494
460207
380554
650251
994315
81818
967789
746262
27
519463
445487
972503
922053
17619
472494
639571
442227
963694
807269
29152
95248
809308
593207
835879
674472
943289
271667
196931
830082
209003
710773
885717
5593
234
731193
472294
977892
685550
384810
25717
158590
526023
595
387
324746
