100
1 1.00
1 0.00
1000 1.00
1000 0.00
93 0.55
700 0.11
650 0.71
92 0.26
108 0.43
590 0.38
577 0.25
716 0.37
485 0.08
664 0.71
25 0.02
838 0.44
353 0.21
792 0.25
63 0.03
603 0.08
348 0.70
186 0.75
559 0.74
171 0.23
243 0.39
701 0.30
617 0.29
391 0.72
457 0.25
715 0.45
187 0.01
625 0.90
608 0.15
296 0.68
547 0.11
528 0.08
552 0.61
594 0.88
694 0.83
832 0.18
228 0.05
754 0.18
651 0.82
297 0.03
550 0.66
292 0.67
562 0.38
627 0.55
331 0.70
894 0.38
525 0.64
123 0.27
485 0.96
890 0.59
184 0.59
465 0.32
956 0.92
607 0.30
714 0.40
64 0.12
265 0.82
351 0.38
270 0.34
50 0.39
603 0.47
182 0.50
363 0.55
907 0.34
724 0.59
377 0.95
220 0.02
670 0.47
411 0.76
132 1.00
882 0.76
739 0.87
902 0.23
675 0.09
418 0.83
475 0.27
666 0.57
851 0.05
16 0.21
579 0.95
256 0.66
998 0.63
147 0.48
1 0.95
999 0.18
34 0.05
678 0.37
378 0.17
213 0.83
454 0.51
480 0.41
353 0.27
288 0.21
877 0.43
15 0.04
393 0.54
