10000
200 -2000
200 600
200 601
200 2000
200 0
1 -11
1 -10
1 -9
1 -8
1 -7
1 -6
1 -5
1 -4
1 -3
1 -2
1 -1
1 0
1 1
1 2
1 3
1 4
170 -1507
38 43
191 338
10 -99
96 -718
35 -82
9 -51
72 1564
76 -747
96 1158
69 -411
80 -754
175 -565
19 31
129 -335
168 -1511
172 1138
87 -299
52 -496
65 -413
22 -161
27 -167
40 -254
46 -111
187 -250
19 -129
93 -512
140 -813
87 -88
73 -1791
6 2
10 -53
7 -58
25 -146
142 -849
60 -346
190 -1664
197 -837
140 -164
71 1844
41 -547
95 243
85 227
36 38
90 -616
43 128
89 -621
9 1598
82 -285
129 -370
127 1110
64 -559
161 141
12 108
50 -439
122 2
31 15
2 -741
60 -58
77 -632
42 -326
82 -334
15 2
4 -32
190 -1496
35 -92
13 -76
155 -5
7 -1894
197 150
130 -803
112 -859
11 -21
10 -41
169 -203
104 -655
198 149
71 -407
164 -1962
27 -213
103 -851
17 -62
93 23
131 -560
98 -1867
114 201
148 -1043
21 15
34 144
153 -1210
58 -522
76 -84
188 -1827
132 -928
155 347
84 118
152 -570
147 -1384
156 1912
40 -321
30 60
28 -564
181 -955
140 -685
160 -892
88 -623
56 -149
153 -43
63 1862
186 548
155 -785
194 -1414
166 350
142 246
42 1457
109 -327
6 -53
2 0
73 -530
174 -1339
61 -1496
128 288
103 -659
47 -665
95 -370
14 -130
76 221
59 -587
34 -1238
129 -57
29 -78
28 82
195 552
112 -733
40 -36
137 -1121
105 -720
171 456
154 23
33 -180
27 50
15 -131
139 183
172 -1435
187 364
6 -14
45 1062
178 -1721
99 -196
84 81
29 -137
190 -1897
8 22
145 393
110 -355
195 -210
194 -1435
71 -696
121 -460
66 -450
103 -772
65 222
174 132
155 445
151 -602
115 1421
22 -19
17 -136
84 -564
111 -320
197 -1413
109 -940
144 -1032
34 94
156 -517
89 206
103 179
21 61
92 -385
17 41
133 207
10 -45
11 -60
39 -181
52 -164
151 439
174 -1679
190 91
116 -541
40 -262
194 793
44 -213
147 58
164 -1093
73 -666
51 -152
106 -784
139 683
47 -390
118 1996
6 -52
167 -1756
198 1785
70 -537
34 -215
127 -658
192 45
78 206
129 -1999
187 -1482
69 -323
22 9
63 1480
198 72
190 -593
48 927
155 -1798
67 -468
51 -108
55 -535
156 -1539
144 -8
173 -1259
8 -34
34 -171
37 -151
82 -100
192 -781
100 -369
38 45
144 -665
193 -1733
147 128
142 -1086
175 -400
167 -1181
200 -686
153 268
34 64
91 -555
39 67
18 -1865
145 -1150
69 730
15 -46
78 -104
194 -1143
143 -375
6 13
63 -1223
34 59
100 -75
103 -544
191 -958
107 83
109 -597
28 -15
69 -451
42 -119
196 -1744
166 -194
102 -573
113 -160
50 -86
51 -328
36 -352
146 -1290
93 -1913
94 -500
117 -438
144 -1032
65 80
71 -13
85 -321
55 -52
2 -12
51 113
31 -169
103 -506
119 88
34 -1229
55 -380
75 122
24 792
92 -466
160 27
119 -102
140 5
16 45
93 -430
121 -654
196 -1249
46 88
157 -1455
88 -470
181 -1421
11 4
158 -1033
188 -566
135 -1165
171 -472
150 394
187 -88
148 177
57 287
166 -857
131 -1080
143 205
185 -1070
46 -457
150 -1171
168 -1021
101 -1001
191 -314
4 -8
151 -1859
135 -9
98 -574
96 -1693
115 -337
175 523
52 351
198 -1078
76 -886
26 344
113 -211
44 -198
144 -960
106 182
107 37
23 -552
178 -1624
68 187
3 -1876
153 -872
84 -327
138 -541
152 -1361
44 10
144 -299
118 -806
7 2
88 -233
70 -679
45 -338
180 -1478
105 -382
81 -104
60 154
10 -86
109 -963
88 -96
86 -20
117 -1057
45 -15
63 -57
190 -779
117 -714
62 -72
49 -205
196 383
198 -988
48 -294
126 752
67 -594
18 11
115 -1011
142 -590
29 815
143 -113
149 122
69 -124
6 -5
200 89
172 226
109 552
50 -236
50 -352
130 -1081
169 231
84 294
66 -313
48 -212
122 -1083
166 -1138
180 -1094
1 -3
49 -466
198 -666
110 -753
165 -679
79 -503
127 -1173
89 -460
76 -405
77 -687
113 -229
98 31
62 -169
177 -1760
103 -151
161 182
173 1146
48 1048
158 -1195
136 -1242
168 152
157 -1374
102 -666
117 -884
59 -365
22 10
6 11
17 -149
27 -63
44 90
29 -210
167 -1417
177 802
150 -942
103 -384
103 2000
38 -78
143 -154
117 -45
48 12
60 -423
197 181
129 -573
47 805
84 -452
171 292
192 -168
58 -495
141 -1260
176 -1080
186 -79
195 400
92 -709
70 -211
92 50
168 561
109 -1008
55 1711
10 29
135 -889
81 -524
124 -337
199 -428
71 -57
30 -297
9 -3
167 626
101 -62
177 -1104
127 -1221
6 14
200 -1944
67 -258
178 -1235
130 -61
76 494
20 -100
8 -23
134 -1272
2 107
75 170
139 -136
32 -160
77 -191
163 198
37 -325
11 -79
196 -1092
46 -177
78 -490
22 -50
18 30
29 89
17 -87
133 85
55 -63
192 310
86 -312
71 -487
122 236
11 -75
85 -119
99 274
31 -49
122 -1928
160 -169
27 -76
12 -15
83 -609
160 -185
185 -16
148 -910
40 -10
84 -77
98 253
121 -1078
195 -692
106 -639
91 662
131 -753
135 -555
194 394
173 350
73 119
28 -16
103 -843
24 -113
19 2
172 -422
118 -1135
119 -208
163 393
29 -7
155 -205
94 -393
191 140
115 -775
131 -61
172 430
31 -777
59 -1397
82 -714
98 -11
120 88
6 -387
142 -1300
142 -354
99 -558
127 -1259
193 152
23 61
66 -193
66 -831
160 227
60 -78
145 -852
155 255
20 -82
111 26
154 1842
57 -173
132 36
1 -6
118 -533
170 -720
77 -690
12 -99
189 -292
45 -73
164 473
192 302
28 48
95 512
172 405
125 -38
85 -794
84 -652
66 415
181 -1624
152 87
147 128
146 297
104 1299
117 -1050
37 -334
10 -46
46 -996
78 -254
141 -903
48 449
31 -184
199 -1401
40 -165
97 19
67 -428
103 261
110 17
57 -480
82 -227
174 -283
11 259
59 -472
101 -490
150 -7
141 -1087
125 -400
39 -227
126 -1088
119 -1112
192 -1009
97 87
80 47
182 1703
58 -470
103 -735
197 -483
180 -671
74 -738
50 -195
89 -66
186 -191
197 -999
51 119
76 -519
76 18
16 3
147 883
42 92
115 -168
42 71
34 -432
72 -365
30 -28
148 252
131 -729
17 6
6 715
37 1185
166 -1167
109 -854
44 -305
169 -1234
200 -1525
112 1641
118 1464
182 -1190
41 233
12 -31
39 113
5 -14
180 -1712
116 -326
97 1678
50 1565
86 -799
101 -615
19 -108
88 -295
117 -1106
144 413
103 -353
66 -655
32 -132
187 142
72 1148
112 -1866
147 1829
30 1478
28 -271
185 -1031
145 280
181 -480
11 3
95 -695
79 -670
24 -99
164 229
155 -844
31 -104
100 -796
35 -38
198 -1277
83 -45
184 -26
163 86
113 324
151 -416
136 -379
133 72
199 -1219
81 -493
68 185
33 -320
56 -394
67 -130
100 51
21 -122
137 -150
100 -383
169 -257
200 -1067
55 -290
86 40
192 406
12 -49
69 -360
186 519
122 -398
109 -1043
105 1070
62 -1083
121 68
155 498
83 -1325
147 181
181 -213
28 -413
136 -2000
2 -13
98 -211
28 -164
186 -783
131 -1350
121 -966
173 1803
54 34
57 82
200 1483
74 -710
131 -647
44 -1355
6 1645
52 -469
45 72
130 -1005
139 170
158 -844
87 -366
138 -1271
129 -1023
189 12
51 -435
5 -1
191 -631
172 -1048
90 -597
154 297
31 44
164 -1116
167 -751
117 -116
23 -236
195 -1042
66 -461
140 192
52 -422
147 -895
136 -68
158 -394
200 267
119 -1114
164 -165
129 -602
162 405
142 162
172 -1581
157 239
107 -686
1 -3
111 -1537
191 -420
89 -246
168 -139
179 -604
12 -13
66 93
131 -855
43 -917
39 1184
14 -248
55 148
167 -972
15 -37
34 -171
151 -214
157 -1348
107 1710
28 65
159 -691
88 100
80 579
30 70
5 -13
88 -505
189 -285
119 -903
88 1225
27 -93
73 -723
145 -824
160 -1514
86 -81
105 -41
184 138
59 -466
133 355
157 -1092
174 -1377
39 -184
28 223
99 -555
181 -874
152 -610
53 -382
43 -252
39 -260
130 -830
123 -810
22 60
70 -90
38 -120
119 -230
161 454
94 -525
119 -608
142 -1139
193 -204
129 -155
132 -289
34 23
43 -303
136 -492
108 128
11 -76
177 929
105 -431
164 -268
130 -539
41 -315
28 -26
139 -1764
139 -1195
55 -128
118 329
32 -242
19 -177
172 -1286
82 -480
110 -72
43 972
49 77
48 1299
123 225
106 -468
149 -91
162 -977
69 -388
18 23
98 -301
55 -498
1 141
106 -774
40 -196
195 -125
165 925
19 -136
197 -1931
70 -175
84 -669
128 1233
100 -145
194 -315
9 -77
154 394
167 -1063
149 419
77 38
29 -99
114 -1935
59 -379
56 -213
124 360
93 -823
164 327
129 -439
16 -1461
30 -293
155 -922
1 -1506
8 -590
183 -86
176 -197
50 -369
112 -562
143 -149
14 -230
173 -1068
18 32
118 -1113
134 -389
103 -709
136 -1202
71 -170
106 -806
42 -214
180 -1109
73 -1360
158 -457
13 -17
124 -834
128 -706
132 -1320
80 -708
14 734
15 26
153 120
159 -395
60 -354
115 111
6 -44
77 68
125 -272
133 -1783
85 -1257
85 -726
107 100
72 -700
57 146
200 -1900
21 -128
11 -1
175 140
132 -35
153 -1126
100 -256
7 -33
182 -487
52 33
75 186
122 -421
142 -887
165 564
16 392
172 81
12 -51
100 -388
114 -389
12 -99
65 57
14 -454
200 1972
158 -831
117 352
5 -50
62 162
174 173
185 -1390
62 -532
109 -283
36 47
168 339
39 43
164 -588
34 -1810
170 -1007
67 -475
112 -497
101 -36
145 339
181 -1391
105 178
172 488
42 754
176 -11
187 494
198 -1444
107 188
106 -785
195 260
67 -576
141 -592
190 -1734
125 -692
79 1912
185 1828
3 4
171 -617
183 -1499
139 636
73 -61
113 -799
14 7
131 -779
198 71
61 -63
128 -412
112 189
41 -308
169 -719
119 87
188 1009
138 -115
60 -375
18 -98
126 178
61 -1185
166 -886
116 -981
29 1556
16 -23
7 1464
18 -7
148 296
183 -1707
160 -1277
62 -545
130 -1291
49 -67
197 1003
142 1018
81 163
3 5
78 36
75 -200
185 -88
147 -1479
37 -209
52 -69
171 -537
108 157
112 -473
59 -445
71 -181
71 -292
200 -1926
125 -450
33 -98
166 214
15 -138
133 -946
106 37
199 -1225
75 -1066
151 297
169 -1218
94 -156
49 -449
181 -1762
139 1473
18 -26
25 -39
110 95
97 620
109 -319
57 -165
41 -66
106 -996
86 239
5 -7
21 -104
144 -1212
132 -1166
173 -663
2 6
143 -752
152 -3
157 -995
126 -147
164 -476
90 -864
176 509
102 -350
8 -58
63 80
36 1143
161 -90
52 -372
155 -1281
44 69
30 -81
76 -550
162 -267
26 7
61 -564
131 -466
41 -148
121 -770
73 68
13 -127
126 -81
191 -68
129 -28
176 1519
17 -54
191 -298
135 -428
110 -570
78 224
107 -225
130 1726
188 -1006
14 -98
65 -616
184 -1269
9 -73
11 -25
188 -959
112 142
27 -223
104 608
120 -407
10 -17
70 -590
1 -7
162 1419
10 -18
143 -648
181 -309
59 -101
21 -108
130 -961
169 238
12 26
65 607
147 -1033
121 330
115 1234
50 1514
146 -1074
21 -140
176 46
42 -281
119 197
108 36
27 -204
64 -73
28 -115
94 198
105 -865
146 -535
194 -536
30 -243
194 150
120 249
152 -994
56 160
98 29
118 -485
37 -24
190 -862
34 5
196 524
167 -1272
107 -1901
4 -30
105 -585
102 1809
12 -73
130 -392
147 -594
115 -1017
19 -78
182 -866
62 -412
133 -38
42 -63
123 -276
68 -398
45 -263
182 1842
30 -120
144 322
69 18
122 -53
19 -114
69 102
24 19
154 297
184 734
1 -4
35 -166
62 -221
14 17
79 1565
89 -1717
61 -470
25 42
161 -412
106 -710
31 -184
116 163
195 550
190 -1845
148 -782
107 -380
171 -1411
17 -135
79 -234
146 -771
23 29
80 138
193 -855
122 949
140 223
69 -222
179 -1851
96 1088
85 -700
103 26
22 491
85 94
8 -73
5 -7
178 -553
162 -201
142 -1247
116 -702
191 -99
4 -36
48 42
137 -781
122 -915
94 -133
137 -1232
121 -1207
185 -39
70 -328
18 35
105 111
116 34
6 -19
14 395
86 -630
163 -1009
18 -1279
87 1924
155 2
79 -646
145 -53
159 -107
37 -98
183 -973
17 -165
158 -939
155 -1414
44 -217
168 385
65 -228
3 -6
113 -32
132 -828
124 62
178 -395
107 -1770
74 -329
85 -416
55 -268
8 17
135 -171
176 -184
131 154
114 -520
161 -1196
96 28
17 -132
111 252
16 -60
90 -396
173 -412
60 61
3 2
118 43
174 298
136 177
18 34
29 -280
22 -126
176 -1522
8 184
77 -551
45 -120
123 -1071
24 69
47 -411
182 -1573
81 -455
164 -1478
117 -1133
51 -194
74 56
139 -1099
138 -794
160 -1949
126 -906
196 -1389
96 -215
142 -1312
183 -836
169 -655
171 774
124 1721
30 -1374
168 -998
164 203
103 -35
130 -382
68 377
36 -136
173 408
24 -849
6 -41
192 -680
95 285
122 -261
129 -175
97 -453
131 -1236
77 -908
82 1958
7 -69
76 1843
52 -233
85 245
140 -1314
79 -515
175 -1667
193 -1156
141 277
198 -488
187 -949
9 3
172 -912
121 1006
148 442
63 -254
130 -907
101 -570
49 -376
72 -42
108 1095
95 -723
36 99
155 44
39 596
181 -1414
101 1362
81 -255
29 5
143 -906
122 -982
51 -450
198 -788
184 -545
107 229
105 -806
17 -139
52 1188
125 -1008
28 -155
155 -1197
83 -668
72 -549
140 378
190 -1855
50 -163
91 -153
81 176
199 -1514
135 71
167 -1436
161 325
133 -567
51 -482
125 -168
17 -52
96 -80
86 -342
189 -250
145 -428
185 -806
6 -12
91 -1586
107 -142
108 -200
124 156
13 12
39 -132
126 -104
123 -227
100 -1838
158 -915
44 -321
182 1238
61 -50
154 -1036
115 -359
32 -195
58 11
197 362
121 -317
149 1701
26 -195
135 307
173 414
118 318
105 -452
96 -697
28 -243
130 1005
41 69
166 829
186 -875
53 -1603
52 -357
35 -149
128 144
19 -179
171 66
164 -847
142 1434
165 -1276
188 893
95 284
174 -862
26 -12
73 -369
171 105
154 -1254
77 6
158 -497
148 -360
70 -558
162 -351
108 -612
168 -695
29 -146
35 -103
140 -128
17 -64
49 -68
107 304
135 12
162 -135
90 599
76 -718
145 -1328
48 -95
34 -191
58 -172
173 -1402
150 -1891
91 89
162 -1210
22 24
47 -243
172 1246
168 -1403
176 -1349
147 -315
44 -42
191 124
174 -746
2 -183
38 -1632
43 -25
15 -77
93 -412
36 -359
126 90
100 200
53 -404
151 353
87 1833
124 -195
140 -1028
163 -1516
6 -1519
35 -265
27 -12
81 1855
132 -456
25 -209
169 269
160 -483
23 -127
167 402
107 -514
159 395
85 240
185 -34
105 -489
2 -1
78 -1277
133 112
198 -1603
11 -47
198 209
12 33
177 -1194
182 -697
136 -614
52 -650
1 -6
151 -256
162 -580
109 -1403
111 -1036
173 -1221
146 -578
19 -83
81 40
17 -12
89 -130
81 -1024
144 890
50 1091
104 -438
146 -93
198 -967
55 75
183 -1028
69 -53
89 -467
1 2
149 295
88 -491
134 -839
154 -1055
89 -636
110 -1834
11 1945
55 -507
120 -1040
131 -556
154 173
192 -1318
131 -9
4 -20
48 -454
15 -77
117 -1108
97 1598
51 -344
14 -73
1 -9
158 -415
113 -575
14 -69
43 -342
70 43
172 -935
193 142
141 274
131 -1315
44 -232
103 1901
154 -857
75 -106
193 -1472
160 439
192 359
96 188
35 -284
89 -89
186 -1009
101 -192
132 122
94 18
16 -128
90 -559
77 -127
154 -774
26 -955
78 -569
198 383
192 -1714
174 -1523
37 13
44 -1008
65 -64
170 1487
33 -172
130 216
179 -1630
69 -271
148 -1288
12 744
50 -7
72 29
6 3
4 -20
57 -439
158 246
20 1223
118 -770
146 415
162 -1563
55 93
55 -146
109 -327
31 -105
102 32
171 -315
32 -319
196 108
62 -1128
117 14
140 -770
178 -575
73 -190
176 310
80 -300
58 -107
63 -572
17 49
33 91
156 -453
174 436
133 -409
96 -831
134 -60
131 310
100 -696
195 -1339
16 18
102 1682
154 -1245
49 -23
186 -1069
70 -76
92 1684
16 -150
79 -363
175 1095
78 -362
117 -1106
100 -261
118 -207
144 -555
46 -10
19 -81
67 -464
4 -21
177 -1977
95 -35
28 -525
63 -61
157 -1461
97 -866
12 3
93 -283
199 -492
146 214
189 190
165 993
73 -323
89 -626
190 -1563
9 13
96 -163
122 -497
194 -489
164 -916
4 -28
91 -1900
80 -233
83 680
9 1
116 -643
199 -1657
69 -570
81 -156
115 -2
140 -849
154 -1348
195 -1416
112 -406
140 -1098
144 -886
164 -439
200 -1727
198 328
187 227
36 -349
142 -319
118 -655
75 -624
63 -208
76 -1891
155 -1537
197 487
188 -1321
140 -377
86 32
22 -170
93 -514
75 -161
123 88
177 55
26 -1141
117 -1008
159 -1537
121 -39
136 1742
81 388
39 102
144 -680
125 1604
150 -1538
67 176
132 389
50 -42
138 342
68 -1441
62 49
69 -246
1 -8
18 -124
55 -230
8 -31
88 -136
120 -442
48 -1320
116 -193
109 537
155 -1212
5 353
161 762
168 54
56 -445
200 417
60 -278
87 -177
132 -1056
8 1610
80 -200
145 -603
163 58
100 -849
88 -395
32 -105
135 -480
175 414
75 -1895
192 40
20 -35
198 -565
85 -130
126 -850
196 -1085
52 -256
23 35
172 -1364
191 1893
63 128
127 -478
69 -299
164 417
55 -260
67 114
73 -79
113 -212
85 -817
53 -276
165 117
123 -771
130 -521
63 -55
172 50
122 -129
112 -736
116 -882
154 296
92 -169
122 -437
34 -263
3 -11
107 939
111 -547
163 -539
57 -1561
175 -580
11 -814
56 -432
163 -1506
198 573
62 -486
1 0
114 -1023
70 -653
118 -518
191 -870
46 -80
1 627
15 777
58 -177
105 -316
155 869
80 -445
158 -553
88 1170
3 5
116 -877
28 -132
43 -283
123 -381
189 -766
82 -339
134 93
107 -905
23 1766
51 -42
137 -617
85 -251
65 -1607
171 -158
96 -33
149 287
186 366
112 -790
137 -113
127 84
12 28
106 -1013
76 621
57 -239
127 467
185 -1801
137 -1061
36 463
155 -965
167 -225
33 171
115 -349
38 -207
82 -57
194 -1430
58 9
189 -1034
91 182
131 -106
43 -198
115 -597
196 115
175 -1541
147 656
13 -478
197 -148
30 -280
157 259
171 -582
34 -133
105 -560
190 1704
30 -233
40 68
131 -995
58 -205
109 180
12 -113
31 -224
60 -595
64 -154
64 -125
195 -866
44 -117
8 -57
52 -17
149 -1343
35 -775
50 96
155 -746
27 -8
1 2
158 -1345
23 25
41 51
3 -27
186 -88
123 -281
164 144
112 -1341
69 -199
19 -157
61 -118
168 -1643
177 1544
68 -1350
108 614
69 -109
35 -200
71 -1784
91 -903
61 -221
160 -1216
77 -307
125 350
82 -244
22 532
52 -191
57 -365
123 23
157 -599
78 -255
18 -66
45 -115
71 107
61 -351
118 -567
27 -263
107 -833
30 -222
2 -5
107 -443
140 -715
167 -1035
36 92
64 -541
197 -192
155 -1009
13 -1454
34 32
183 386
186 -1848
2 -9
153 -401
71 -705
54 -141
150 -223
135 -897
61 -538
125 -42
104 176
44 -372
104 -950
51 134
96 -589
71 -576
24 1814
100 -942
15 -72
120 -386
42 -390
12 -87
131 -799
164 -493
163 -1416
164 -1134
185 -391
54 155
73 -447
118 109
189 -959
199 -906
149 61
136 -926
108 -670
5 -44
3 2
153 190
30 -27
136 -225
172 -1084
163 -1609
186 -45
129 -95
45 58
53 -99
18 -118
29 1605
200 -1797
92 -224
174 -644
181 -557
181 -246
66 -151
70 805
175 -24
81 -83
188 -429
21 -125
109 -941
71 85
199 -931
197 -779
94 536
112 394
171 -101
50 -388
113 -459
144 -456
110 -308
38 -1133
57 -1399
156 -1097
124 -529
78 525
20 38
77 -739
183 214
90 -250
144 -509
158 -351
119 -14
54 -194
115 203
122 1052
63 -266
11 -59
169 1941
58 82
2 -13
63 -139
123 -1148
38 -161
152 -1258
18 37
86 -845
16 -132
106 -327
143 -254
24 -201
197 -1029
164 -18
29 -1963
115 -110
159 -404
127 -111
161 -118
3 -9
140 -1034
99 -37
79 1329
99 -469
36 -345
21 -77
87 -664
122 -1118
145 -133
74 109
187 256
85 -604
174 182
118 -380
186 -406
145 316
86 -104
107 -59
94 -679
119 -172
152 -1107
52 -177
175 -61
198 -762
55 -467
111 -82
84 239
9 -31
85 249
41 -62
43 -231
95 63
175 1172
37 -252
93 -603
8 -24
140 1330
73 191
125 -212
118 -623
101 288
62 -90
17 27
109 151
183 -1204
193 -1593
9 -71
82 -57
101 -630
166 -1557
180 -1066
69 168
51 83
120 -708
8 170
85 -548
37 -208
102 45
56 -97
65 -109
33 -119
115 -959
163 56
154 -908
86 -853
43 -180
123 109
117 -129
121 -907
34 1909
196 927
42 -229
116 -462
128 -783
121 -50
183 -1742
109 -582
108 -836
67 -666
73 -440
198 -30
11 29
129 -740
27 -24
29 -105
134 -395
58 -89
200 -1597
120 -481
118 -1375
46 78
50 94
164 105
30 -271
193 -445
134 -145
92 -1202
126 270
148 -596
87 72
63 -46
17 -1320
150 -1054
200 -938
199 312
169 -1137
126 280
190 1876
32 55
32 -164
75 -103
181 258
184 54
118 -438
19 -130
22 41
174 -1147
175 -721
49 -486
133 -1564
131 -708
38 -328
92 -848
155 -552
18 -98
76 -19
90 -604
164 -380
154 49
155 -233
178 686
84 -479
161 -916
41 -331
157 -1143
46 -50
199 -134
6 -9
167 -1377
90 -511
106 27
42 -76
199 -35
89 -85
40 -145
136 374
196 -50
16 -1385
73 -1750
170 -752
46 998
198 -1292
143 -50
52 67
76 880
151 -1437
115 -462
187 291
5 -16
11 12
191 -404
2 -5
82 -665
124 261
96 -362
154 278
186 -1470
171 -1102
38 -372
79 -447
45 1261
120 -550
118 83
98 -696
176 96
102 -635
142 -380
132 109
183 -1093
122 -287
57 -553
69 -101
116 116
98 -694
43 -65
118 215
52 -361
6 -539
187 -1537
186 -1267
174 -62
34 -96
22 -1292
16 27
152 340
177 -1124
182 -317
133 -495
61 -521
119 -603
10 -60
46 -283
17 -155
171 246
75 -1186
43 -208
148 245
96 -805
13 14
26 64
58 -517
13 -3
82 1915
172 249
130 -561
107 -1356
50 -425
75 -706
3 -26
19 56
14 -86
79 -183
179 -170
75 -499
136 -1262
155 -769
196 -1206
48 -67
101 -777
47 785
177 -1486
50 -1674
125 35
45 -258
141 -957
145 1784
61 1668
57 110
160 -960
45 -373
16 -2
160 498
191 -1581
169 300
133 -475
135 -1114
43 -302
67 -1034
10 -19
58 -86
81 -367
21 -62
189 -571
33 -309
65 184
23 -199
156 -1759
14 -107
12 18
48 132
146 -927
67 1943
88 -65
84 -1695
43 -106
163 -1451
137 -287
37 -327
23 -26
179 -1720
128 -297
139 353
72 -254
88 -819
199 352
140 -90
132 -319
63 118
89 -570
42 -11
67 -241
5 -46
87 -202
88 1841
2 -2
176 -1264
69 -458
66 -199
118 336
37 94
114 -952
176 336
184 -985
39 -263
91 -907
167 218
132 -415
85 575
151 -434
81 -262
180 416
176 242
122 -1213
126 -1037
200 -477
192 -951
12 -75
25 -105
45 -123
47 1855
168 253
45 98
133 -1030
162 -1592
135 -1007
135 -376
139 -812
67 -220
102 -202
165 112
58 129
181 -505
35 414
54 -511
23 -53
2 -20
150 315
64 -448
91 162
104 205
116 -410
63 -614
89 -184
104 -863
43 -53
141 -1123
11 -84
41 27
62 -498
63 -247
33 -223
21 -112
51 56
169 -1217
162 -788
8 8
119 -197
116 -38
85 -694
173 94
160 -99
97 16
15 -136
162 -710
12 -64
98 1424
182 -566
154 -853
152 336
100 -923
149 -4
75 -673
34 -281
141 -135
38 -324
30 -292
25 -61
142 -992
188 -51
63 -559
78 380
124 -186
151 980
31 -171
1 -10
90 -783
135 1130
177 -617
152 278
151 -1551
49 99
139 151
19 -157
93 776
77 -755
187 -235
18 38
35 -728
65 -620
111 -239
83 -727
27 -237
130 224
97 -140
99 -348
16 -146
71 -40
135 -136
94 236
13 862
91 -448
87 -703
116 -1855
88 -335
42 -526
18 21
165 -720
76 -385
7 -19
38 40
123 -1036
82 -785
68 44
144 -1272
95 -337
36 -275
159 429
51 -466
159 -594
113 -773
133 -1024
70 -571
190 -786
176 -83
99 -457
95 -708
184 238
107 288
16 -72
110 59
103 247
84 -604
200 -1800
133 -5
128 -1206
186 342
24 49
48 -69
71 -666
125 -2
77 -233
185 -1417
30 -16
159 -1100
161 219
53 1161
123 -1076
33 -286
50 -217
169 -789
31 36
187 -742
186 -685
12 -106
53 -1615
85 -254
72 -41
191 -1910
63 179
53 -276
104 854
200 537
158 -272
98 -868
114 -536
97 -934
61 53
104 -164
170 -1694
169 227
72 -267
60 1215
100 191
59 -43
69 -280
62 57
178 -1684
119 -311
68 120
70 -559
100 -714
6 -45
133 6
159 215
161 -1053
72 -746
139 170
150 -1345
67 75
30 -11
81 -634
97 -553
198 -512
107 -936
187 1517
107 -1989
69 -484
68 319
176 -1712
171 -436
89 -859
156 129
114 -520
91 -574
86 220
46 -198
112 -603
153 -1428
66 100
112 -730
61 -188
153 19
13 -50
52 -783
164 -1194
149 246
78 -1014
59 -241
63 -530
9 20
23 -20
149 -215
152 -1361
26 -14
109 -724
78 -260
92 -630
24 -233
180 -1715
154 291
2 -18
9 1067
138 -366
68 -406
37 -224
127 -1030
70 -141
150 293
28 -253
8 -66
67 -1548
86 -829
12 -106
31 -172
90 -667
48 576
164 -1478
88 -746
108 -910
79 -415
106 -530
82 919
137 -1114
44 -408
15 -89
189 -705
38 -328
106 -311
85 -405
187 -1660
114 -1764
157 -1416
85 -497
66 133
186 -966
153 442
85 -34
155 -1231
119 -465
110 -39
29 -228
17 -105
81 1260
185 -156
96 103
93 -239
196 1432
89 565
4 1093
154 -876
122 1043
112 -555
99 -672
31 -152
189 -1091
181 532
200 -1458
39 -105
51 -101
153 -920
101 204
116 -260
158 -913
105 82
37 -182
63 -518
32 30
9 -75
165 -291
81 129
62 -133
191 -380
121 -304
146 -679
199 556
18 -32
159 -1108
152 -40
48 134
150 -714
22 -78
105 -913
173 201
198 -1297
12 18
161 -665
125 -1054
87 -481
18 -82
78 -113
20 -148
106 -1243
189 1243
189 -26
166 -689
106 97
123 157
195 274
182 -1677
142 -1762
106 1347
33 -166
147 499
46 -416
118 -1638
192 -1517
88 59
61 53
2 292
59 -172
90 -670
31 -136
35 -250
157 -921
126 328
35 -253
63 -290
113 61
65 -284
62 -102
158 435
13 -1
128 -193
196 -782
89 -1346
1 1144
155 -303
24 -127
176 277
93 -414
130 -1177
72 16
117 174
55 -18
178 25
190 -104
103 1501
195 -1723
146 -544
138 1632
68 126
63 -605
156 -570
94 -309
25 -44
88 -573
187 -498
19 -17
63 -474
77 -139
58 805
151 1217
49 -141
147 -430
29 72
107 -1032
105 -178
171 418
195 -467
29 -50
64 -280
73 -228
63 -62
85 -250
141 -1409
132 -37
59 -105
20 -114
86 -446
157 -727
172 188
80 -591
171 415
79 -1181
137 -429
141 -593
100 -432
54 -436
16 -56
149 -640
191 -599
112 -879
188 142
138 -73
2 -19
47 -1614
63 -442
29 -98
195 1811
191 -1213
37 53
19 -161
28 -260
137 212
148 1715
69 72
135 -1275
129 -844
56 711
81 921
10 -66
61 -236
18 -379
128 470
114 -900
112 -331
74 -231
61 556
197 -144
176 -665
91 1162
28 -244
40 -294
29 -1571
152 446
198 -1421
41 -370
61 -226
55 -31
23 1748
187 -503
183 -927
182 -1165
146 -1863
155 1217
113 128
197 -803
152 102
132 -1184
159 -1180
60 -9
98 24
50 -1223
162 -1421
173 -1159
107 208
193 -647
34 -35
165 -1106
8 -3
198 292
124 -1470
126 -887
180 -684
34 -7
185 -1071
174 -878
54 32
144 366
133 -1295
10 -579
32 -193
144 1676
190 -1309
158 -223
123 692
70 -422
67 -1823
151 441
105 -1101
159 -988
159 -718
106 -267
13 -660
71 -22
109 -943
191 480
194 173
152 230
45 -60
46 -101
148 -1306
165 -480
118 -81
63 188
44 -211
160 -1249
10 -96
149 -961
116 152
38 -282
122 962
185 -1418
44 -343
145 -1183
18 51
54 -370
6 -57
107 -298
135 228
106 232
87 714
183 -912
161 -333
85 579
82 -14
152 189
125 -542
23 -51
128 113
109 1836
158 -255
126 -1189
169 -276
197 -1035
54 -305
143 -717
165 -1201
26 -201
8 -16
126 -225
167 737
115 41
150 -240
13 -64
84 -501
101 -276
165 -499
47 -283
184 -469
61 497
10 -74
123 278
159 -1544
163 47
122 111
27 -49
198 -1709
195 -387
155 254
45 -350
133 105
45 -299
61 87
152 -732
142 -1231
63 -334
35 -8
99 -511
69 -46
141 -1313
164 -202
124 -171
119 239
73 -72
127 -1201
127 -412
134 -1681
74 157
76 -14
184 -1731
190 116
171 -262
151 -1962
191 -523
65 -192
6 -21
49 -394
183 -1789
192 -1100
199 -1707
26 -95
45 25
8 -75
197 459
182 -1754
101 -694
185 -94
122 -1125
65 97
164 240
130 -183
14 -106
28 -1530
80 -599
108 162
181 -1723
4 -19
167 -405
194 -469
134 -794
162 -430
42 -129
8 -21
51 -1627
82 -25
53 -788
141 23
70 -168
135 1
52 123
63 -626
172 280
100 -742
175 438
41 1239
102 -302
6 -21
98 -422
140 -1303
25 -104
189 -768
85 -290
68 145
14 32
79 122
131 229
154 -87
193 65
45 96
100 -126
146 -630
71 -642
131 -394
65 -403
51 -284
8 -44
96 -277
32 -17
189 -531
59 -295
190 -354
43 101
96 84
90 -803
45 113
28 -436
94 -740
74 -541
33 -1937
197 -1867
164 -1615
27 -156
117 44
65 -81
163 -1357
115 -355
109 -940
141 -129
178 78
11 25
177 -516
31 -286
70 -445
161 -668
80 141
155 -635
159 31
117 1158
45 -1645
37 -111
93 -621
6 -1265
89 -756
63 -115
127 105
157 121
68 42
105 -1036
25 60
101 -992
165 -1256
42 -108
162 -444
161 1318
75 131
101 -69
33 -60
199 -1794
6 -45
27 -232
32 -302
150 368
132 -467
199 -424
158 -1170
91 -230
186 -1813
12 -79
144 -624
125 -1217
105 -110
70 184
93 69
162 -983
136 -1034
163 -773
173 -1634
194 1684
99 -92
74 -269
2 -1313
153 -161
56 120
163 -647
181 -1796
86 161
33 15
137 -1361
119 -658
70 -166
188 -1155
153 -325
198 272
183 -1091
80 -148
175 263
183 -1620
142 -1675
75 -630
87 142
85 23
175 -1185
17 19
188 -424
199 -65
113 -732
181 -854
167 444
147 139
185 -852
19 -113
163 -261
162 -784
133 -1238
102 136
120 -112
126 -694
139 -683
91 -871
40 -296
99 952
21 33
28 -91
82 -135
64 -557
48 -121
7 3
44 1596
85 -61
114 -591
199 464
130 5
50 -149
44 129
150 43
83 -742
2 -3
107 1865
113 1217
118 -591
116 -864
70 -133
186 166
4 -14
77 -194
72 54
18 -64
74 -101
189 -1128
99 -479
60 28
120 -551
179 -926
94 204
27 -1107
23 1317
11 -344
193 -530
184 451
160 -1386
17 1006
147 -684
25 3
200 -1988
83 -308
95 -430
71 -246
34 -113
105 -897
53 11
163 55
93 -214
69 196
160 -367
17 349
2 0
74 -591
56 -543
110 64
160 -441
32 -4
12 -74
1 -141
2 6
70 116
57 8
68 -547
53 -1708
91 -893
133 -127
177 345
79 -105
86 -731
113 -69
189 153
64 -581
182 1906
80 -294
75 -712
88 57
67 -315
124 86
61 46
196 64
125 -467
74 -440
119 -1842
6 -23
165 -1385
55 77
194 548
121 -1000
194 -151
9 13
106 -656
88 -804
22 8
75 142
193 -1578
91 -899
166 266
126 -1196
148 1880
35 -73
22 34
199 -1076
75 -555
63 -412
98 -419
52 -307
148 -386
29 -4
118 -1028
146 -1390
143 -869
199 -943
181 -792
188 1410
87 -451
5 2
130 -363
51 112
115 -58
99 140
192 253
191 -482
88 -508
77 -614
123 -457
143 427
117 -481
12 -68
36 33
59 -1842
146 -1107
75 -206
110 825
83 -617
27 25
186 556
140 -1284
180 -262
1 3
27 -20
2 -17
98 -830
167 -1199
168 198
125 -617
149 170
138 -530
144 -189
120 -1022
66 -436
28 744
195 -1874
100 -1418
155 453
184 -713
27 65
38 770
122 -1045
167 431
3 789
178 -604
75 -641
106 85
80 832
172 -1113
177 -557
155 -736
146 -1418
86 -543
141 -97
159 273
187 -219
112 226
72 -55
67 -375
179 -564
61 -378
173 -645
16 40
140 371
126 -1026
94 234
170 -1472
42 946
54 -1323
136 -1250
170 -1022
121 94
197 348
81 -99
158 35
78 -166
81 -643
154 -168
49 -341
83 -792
150 -1166
182 -206
80 -104
199 492
80 -675
50 67
41 -13
80 126
193 -216
63 -277
152 -679
64 -581
190 -984
168 -727
164 437
167 -339
104 -1943
118 -525
88 -651
8 -24
170 -361
163 -588
147 -1017
11 961
122 111
39 -106
84 -517
191 466
200 643
159 -579
81 32
182 -221
64 -231
102 1752
10 21
55 146
79 -314
97 -607
45 50
55 -345
113 -506
179 -291
85 -686
25 -196
171 -12
116 -1916
112 -454
13 -275
198 -1484
53 -361
192 -494
191 -1428
108 -1071
120 -1188
52 -415
17 -106
116 -345
40 -44
193 347
135 218
151 -1266
96 -501
151 146
6 -1856
75 -610
49 20
111 -58
6 5
172 -1551
119 1546
80 -731
43 -386
179 -336
152 -328
14 -87
22 29
170 -192
119 -655
107 -919
10 190
15 -6
166 349
97 190
26 -1612
8 930
165 -1441
192 -265
99 171
45 -92
44 121
167 549
63 1812
87 -578
160 -1057
183 291
37 -321
175 -1886
35 -110
55 -170
12 -39
115 -448
6 1820
81 -1295
100 -401
162 216
20 -73
178 -927
192 139
108 1996
154 -1040
70 194
173 -1036
60 111
178 -376
100 -83
53 -246
45 -400
101 -681
161 309
143 251
15 -452
145 -435
80 100
153 -594
66 -57
131 -586
24 792
157 472
136 -1210
122 -44
84 -738
67 -171
188 -139
20 -194
88 -621
124 -1140
98 -735
60 65
65 -266
200 -406
139 -1147
26 -258
82 -453
150 -656
67 -346
12 -76
193 -1866
10 -5
127 189
136 -949
4 -35
153 -1058
41 -433
77 -447
47 83
188 -1314
114 -1093
164 61
168 -435
165 -1632
158 -710
171 653
169 -688
138 -835
61 1122
93 -549
182 -965
75 -190
108 1106
176 -1525
66 -270
136 -652
113 287
155 -1286
164 1364
40 -382
161 611
71 205
96 1787
11 91
15 -16
200 -1245
119 -154
34 298
74 -700
106 182
107 -491
163 -1662
68 -581
195 -821
116 -916
14 -39
112 -121
145 -1136
170 -1603
188 -299
155 -186
115 -1081
73 -643
86 256
47 -88
93 -149
81 -559
103 -294
54 -597
168 -1527
47 65
179 -383
81 -1208
71 713
197 381
174 -998
185 -99
39 -134
20 1836
113 353
92 -573
171 -798
128 -644
91 -67
141 -666
67 1319
23 -883
80 40
64 1469
181 -770
140 -847
128 -638
175 -451
188 -1713
80 -7
12 498
162 -219
188 -1656
187 -1767
199 -576
163 -1382
30 -84
31 -52
4 -2
190 -337
53 -342
118 -38
194 1631
108 -635
157 -629
145 -336
12 0
81 -412
70 -393
42 105
105 175
124 -793
173 -1150
180 -205
174 368
3 -1
74 -78
95 247
131 31
46 -39
119 -1580
98 -889
4 9
18 -27
170 -1513
163 -1403
193 -523
188 -1398
112 -700
101 -263
153 -1219
164 -976
138 -879
19 -92
45 -347
94 -939
157 99
106 -22
94 -140
182 1276
66 149
82 12
70 181
38 -75
174 -1658
123 157
168 246
95 258
77 -398
121 -533
181 -1572
172 -1665
153 -1203
13 -31
46 60
119 -811
193 -493
113 -74
76 -41
118 -546
121 237
199 564
187 248
104 3
16 7
41 -275
94 -920
135 1578
55 -177
51 -402
60 -378
155 -953
14 -5
5 -9
105 -988
68 -764
45 -79
96 -637
82 -407
148 -308
15 -48
189 -719
94 32
93 -148
120 48
21 5
79 -527
156 -1076
122 -728
128 1688
79 -332
104 -748
79 -584
31 86
165 383
89 -1379
127 -891
21 744
7 -58
156 -999
40 -152
44 -321
17 54
157 1308
52 -88
39 -185
57 -471
52 -1180
139 -1434
57 -479
61 -580
86 -78
3 -21
161 1323
154 380
181 -1615
131 -634
36 -179
106 63
124 179
101 -308
183 -1187
65 -47
162 -120
45 -127
21 -93
75 -561
171 490
72 -643
64 -33
87 -318
140 502
142 -260
169 -322
137 -1433
163 -118
123 -1085
11 -65
59 128
48 52
200 -1620
30 -3
95 -461
106 -106
93 687
103 -575
21 -62
61 -1355
46 71
193 -1091
161 124
193 1619
114 182
66 -1969
152 -419
13 384
73 -563
119 581
111 -413
20 -513
172 -114
188 684
1 -10
36 -139
46 -322
91 -489
95 -475
145 -708
25 928
43 10
30 -1824
6 -46
184 -1585
197 -448
169 -577
35 1295
88 86
45 1004
74 -1445
104 220
146 84
152 -1017
60 -385
39 42
124 -427
198 -2
146 -1003
1 817
61 -450
46 -181
28 -15
59 171
41 -89
79 -968
170 -1413
62 -527
1 -8
58 -366
116 -1105
91 -434
31 -129
56 -287
177 -713
52 106
20 -93
167 -1190
51 -138
140 -795
153 -1118
133 -322
20 -125
193 -677
120 -773
86 201
51 119
57 -428
29 -50
198 -1612
183 -1141
175 -1100
63 -270
137 1673
176 -1337
76 157
150 -1405
70 1557
90 -810
86 -442
119 -257
79 1332
30 -26
79 -291
198 -1072
174 -464
187 -1126
1 -9
66 100
37 103
156 -1488
150 -869
174 307
99 -976
83 -27
53 97
193 -1488
17 47
194 -947
38 -183
18 52
63 -446
150 -559
41 -603
33 1839
175 -95
97 -1754
117 164
18 -150
39 -198
167 77
162 -202
174 -852
150 211
119 -500
40 -176
141 -1127
111 257
147 -908
177 -1057
199 -335
130 232
120 315
87 -44
177 203
27 911
173 -180
175 -215
167 -1373
29 -196
58 -463
94 -97
156 170
53 57
153 -114
36 -51
28 -188
185 -1219
118 212
42 -201
150 -15
78 131
74 -1573
152 -1069
40 -671
59 58
85 -832
147 -714
194 -1495
150 92
169 -616
139 -710
105 -692
157 -1226
29 5
128 -19
49 -77
45 107
144 -1255
18 341
122 -1333
178 -1427
22 -44
31 -41
152 -1404
93 273
15 -139
110 -323
21 -121
27 -47
107 -126
159 -760
62 26
120 -1181
111 -641
126 1750
172 -783
38 1610
62 162
41 -333
139 -590
121 -1790
62 -324
15 31
148 -102
130 199
20 -145
187 -1367
37 225
69 -330
114 769
143 -902
20 -16
61 -600
193 -449
31 20
145 -1107
150 -950
189 -976
189 -377
48 119
108 -196
9 1199
51 1130
95 -760
116 -659
60 -344
56 -48
96 117
158 -1978
156 0
46 -160
178 -584
28 90
121 -316
129 -1127
29 -111
70 149
196 -1136
16 -85
83 -796
130 -334
151 -120
116 -167
183 -479
178 -281
94 -717
122 -280
84 206
72 -6
112 -89
188 -1181
46 35
142 -517
86 -150
81 -599
99 -588
107 -1069
160 376
103 -1636
100 197
181 -779
149 -1275
152 -1
176 245
87 604
56 1686
3 -15
71 145
15 -144
162 362
39 -155
180 -66
125 316
86 -867
41 -223
144 422
197 -1186
90 -426
159 -905
92 -138
172 -438
85 -732
182 -1251
64 394
60 -411
89 -459
55 141
199 -1768
120 -20
81 -30
103 548
194 1535
66 181
65 -209
137 -1541
143 -1552
22 -155
145 415
103 -721
55 -510
132 -1091
16 -230
8 932
96 1391
38 -1072
11 -24
141 -1170
63 -442
17 -135
190 -928
149 -680
36 -181
96 74
135 24
88 1641
151 -564
167 -1189
164 -863
146 -255
66 -205
188 -1609
45 -132
135 33
164 -537
121 120
182 -1246
76 -707
100 286
64 -615
118 -311
186 -353
200 -1773
21 -14
97 -261
200 529
115 4
110 48
55 1364
192 503
122 -176
117 -648
141 -132
64 -539
122 -473
9 -1184
95 -570
4 -13
175 217
101 -529
69 1137
140 -119
126 21
68 -242
124 -291
184 427
134 -56
125 271
77 99
80 -477
142 -864
4 -38
87 -281
148 -648
166 1213
42 -363
182 133
198 -1827
71 100
103 -222
27 -31
63 -443
134 -202
198 -1424
125 -827
39 106
114 266
33 19
115 -838
38 617
123 -1134
199 -1049
15 -103
187 -216
194 -680
192 -909
3 512
132 373
107 -631
139 -815
99 561
165 -1086
2 3
102 -362
60 150
118 -1071
134 -407
42 9
169 1407
44 -109
29 777
19 -182
107 -228
7 -33
184 -866
72 -520
50 122
44 -49
131 -762
81 -694
8 6
28 -153
3 -5
163 421
129 -752
134 -11
182 20
146 -1204
195 10
174 -1181
147 -659
55 3
99 -195
175 -1512
75 -536
79 -689
104 22
1 0
28 236
199 -1567
161 -1378
19 2
197 -1146
69 1429
50 -41
4 -8
38 74
47 21
187 -1388
42 -179
1 0
107 -952
30 -269
14 18
188 -1827
83 124
67 -58
10 -71
80 -270
116 1559
145 138
151 -1294
58 -339
104 1720
98 -431
35 -132
160 391
165 63
23 26
169 -683
84 -239
173 -1151
143 -247
57 -262
197 440
100 -662
106 -855
139 287
194 -777
134 -279
50 -286
187 -227
135 -947
181 -1701
119 265
109 -107
137 155
55 -369
93 -315
193 -130
28 11
129 -84
112 -446
164 1367
45 -259
52 85
32 -905
200 -163
3 -7
190 -872
125 -1069
96 188
89 1877
41 1157
79 -327
169 -1193
104 -669
11 21
19 54
24 -71
171 1101
86 -797
152 -1197
3 -228
75 -106
189 -370
110 -248
196 -1080
82 105
26 -50
93 -111
76 122
90 -738
61 1630
170 225
97 -9
143 -1079
50 -34
43 -229
138 -587
75 -503
76 15
27 -952
75 -592
144 -1341
67 -221
158 -1135
36 43
14 -113
117 -230
97 -655
36 -330
186 -465
52 71
177 -1718
195 221
141 287
63 -536
27 63
32 -39
103 -565
104 -225
159 -104
105 1557
124 188
8 5
150 -216
192 -585
156 -962
127 377
50 -36
157 -1120
110 -690
15 -78
75 -589
41 -1209
197 -648
35 95
78 -1409
189 -1437
25 -229
44 -161
38 -88
52 -136
186 81
75 -656
188 -863
136 -647
139 127
86 286
13 14
80 99
1 -1980
94 199
129 -757
124 1448
42 -6
75 -641
89 -535
47 -206
28 -213
55 1073
27 21
154 -1419
68 -259
39 -150
59 -553
153 -1453
198 479
136 -1216
30 -162
66 1652
86 -468
19 -168
200 308
173 -1393
10 6
152 -13
5 -13
181 -1016
47 -354
71 -119
166 -324
65 -203
186 -930
100 -142
96 -582
17 -64
193 304
5 -33
47 721
63 184
67 -608
69 -405
92 -745
33 -261
29 -6
189 -1098
120 -415
134 970
40 -212
83 0
9 -34
68 -379
159 -1127
141 115
90 2
185 -1130
9 -37
37 -322
147 -618
194 486
191 -443
130 -613
94 -815
48 1755
6 -49
33 30
1 -8
119 -404
43 -64
14 -87
116 -462
138 -651
39 -331
200 -1798
45 -60
6 -40
76 1928
41 -163
45 -254
38 -374
151 -589
170 -535
180 -527
94 -180
128 -131
119 -225
88 157
162 263
94 1338
30 1995
117 -185
93 1184
22 -99
152 -710
157 -1333
117 -588
56 117
156 -976
21 -214
20 -110
170 218
67 -119
79 -356
101 290
139 353
135 -252
89 -679
101 -87
85 -396
33 -220
172 -1315
181 -40
96 1473
119 -494
100 -407
158 -1397
50 71
114 -169
157 -1511
122 -887
112 161
139 -449
134 388
179 -1115
95 -611
136 -78
87 -731
124 436
35 2
115 1255
105 -89
4 -29
113 -386
148 -1385
167 15
142 158
139 190
152 339
40 -341
170 -359
178 -1506
98 -765
94 107
48 -293
19 -117
181 -1779
52 -454
114 1658
91 -552
7 -33
152 -640
92 -1599
30 -214
86 -607
166 -1344
113 -1121
51 19
35 1
187 -1762
193 -1167
131 -134
149 1653
66 -543
23 -87
171 -115
177 -501
44 -249
193 -879
118 -319
22 -202
29 1040
177 -1463
93 -906
131 -1080
1 3
135 -568
140 -1229
100 -679
1 1
74 168
101 -79
31 -120
18 1753
104 -787
5 -21
37 -5
185 -14
114 -241
8 -64
110 -3
15 191
51 225
62 175
22 -171
71 -631
30 -754
104 -996
198 -1297
168 -743
180 -666
10 15
162 335
80 -350
184 -644
49 -275
67 1452
200 362
174 -406
75 -48
21 -122
174 285
73 -67
137 -914
108 142
98 -535
192 -554
54 -773
124 -450
148 -1446
136 -40
23 32
103 -209
134 2000
129 174
149 -953
103 -708
106 -218
126 -969
139 -598
152 -944
131 -32
11 528
135 -253
154 -322
50 898
40 -325
160 235
25 60
106 -251
25 -134
151 208
198 -1812
141 499
132 -146
140 -172
164 -1391
10 -100
7 907
61 -343
35 -7
146 -620
56 -379
111 -975
8 446
99 -1318
104 -316
5 -26
185 -544
99 27
95 -447
108 108
126 -830
101 -183
136 -825
107 4
104 -913
140 -396
60 -47
138 233
133 -206
118 324
39 30
164 133
58 103
158 449
181 40
106 -256
109 43
36 407
27 -108
29 -178
9 25
74 -361
68 -193
186 -446
162 -270
182 -38
48 -433
199 302
2 1
173 -1066
16 41
143 205
100 115
30 -191
19 -37
184 149
186 -552
24 -732
39 -388
115 -69
15 -359
48 -284
183 -1137
100 -681
108 -426
20 -61
153 -276
146 -613
148 -985
185 -1150
180 -1576
52 -687
111 -137
153 -43
150 -3
102 171
194 -804
22 -37
32 -17
17 -73
150 158
141 -885
129 372
31 643
151 335
105 -433
134 -464
178 477
61 -331
194 -1615
96 -851
71 -676
27 44
80 -53
124 107
25 -185
83 -1550
76 193
181 60
42 -37
107 -681
26 -216
43 -182
111 -152
102 -55
103 -1930
49 -254
112 -303
153 -977
199 -1109
141 -1084
155 -115
8 -27
89 -808
126 13
76 117
21 58
3 -16
32 1805
138 -1033
100 -811
108 -218
118 -138
92 93
192 -1527
163 -888
114 -591
53 82
168 -319
54 -165
124 8
124 280
165 -1401
200 -194
22 -170
24 63
107 314
136 169
39 -9
18 -9
16 -142
46 -278
120 -780
60 86
79 -813
14 29
50 -6
70 1498
51 -229
22 -106
173 -1715
66 -480
54 -1654
68 -677
60 -569
83 211
150 -997
161 -696
99 323
199 -976
162 48
26 -7
51 -1097
115 -96
127 -656
42 -17
59 -372
102 -248
64 -22
83 -252
137 -577
51 -413
163 -565
84 -423
88 511
34 -209
134 -305
23 -199
161 -553
102 -1009
115 1470
180 -287
12 -119
186 -1055
86 16
183 -725
192 484
77 1901
180 -1692
28 73
146 280
172 1086
193 -1271
50 53
180 -695
140 -441
30 -118
131 -483
127 -1118
124 -1134
75 669
185 -620
30 397
140 -471
28 -177
14 1643
144 -911
199 -116
26 -232
44 -131
126 -40
108 -991
8 -80
117 42
190 -863
149 349
106 -549
137 257
85 -425
97 -611
55 -11
46 -1569
187 -200
138 -306
15 -36
187 -842
191 -1019
139 76
119 -451
135 -117
155 -838
110 -591
68 -365
10 -883
20 1892
162 -1424
36 -55
148 -63
58 -207
75 -48
81 684
13 15
41 -239
89 187
15 -49
23 59
179 -1292
132 1152
11 -1109
156 -646
15 -25
81 -402
66 -538
177 -655
189 1137
198 -26
65 -561
38 -292
62 33
96 559
107 -932
200 -1816
182 976
9 -64
191 -297
194 -1798
128 -455
48 29
50 -297
85 1413
198 -565
115 122
172 221
194 -623
18 -1355
50 -305
8 -22
53 -240
91 -125
97 188
133 -303
51 -1147
28 52
113 -603
177 352
147 -128
131 -915
75 28
135 -470
72 -522
142 131
87 -867
5 -34
111 -1733
59 -57
51 -242
107 -1039
104 -534
103 221
183 543
71 -628
46 -76
61 -136
153 188
15 -61
62 -475
79 -434
82 -356
95 607
140 -605
196 -1606
31 -1408
145 -615
162 -335
197 1649
13 -27
141 -1048
153 -9
15 771
45 -239
61 -81
7 -58
28 -376
3 0
11 -7
50 122
3 -174
85 -301
70 -184
147 184
181 -353
105 -926
86 -699
63 -288
79 44
19 -23
133 -241
34 -35
55 -320
17 -153
149 -1128
14 -138
103 -1215
121 161
140 188
173 -594
197 1835
155 -888
66 -264
25 -157
56 -226
114 -101
74 -157
196 277
179 -433
61 -79
77 170
7 -1351
88 -485
52 -503
120 234
75 63
22 268
179 -1732
78 -537
5 -41
173 507
74 -561
35 -237
195 -902
177 199
155 -810
196 1610
196 -1882
180 -891
178 1071
171 -348
88 1789
91 1720
67 -577
61 483
8 -38
50 -894
182 9
95 -1382
66 -163
67 183
8 -1106
103 -788
125 -410
84 -186
59 -535
35 -251
87 -773
156 -443
140 -801
17 -93
103 -267
151 1037
138 -389
113 214
179 486
17 -129
60 -508
186 -935
177 -1734
62 -498
114 -398
105 -218
30 -1562
198 -111
169 -862
66 -602
133 -456
188 -1853
107 -147
155 -169
96 -864
47 -243
10 -823
27 2000
147 -1427
142 -426
53 -362
2 -9
30 30
2 -5
92 -125
39 -390
170 -544
89 -227
185 -310
16 47
72 1061
73 -573
102 -167
194 -960
49 -1243
85 -542
12 -106
101 259
31 -250
103 0
18 -12
140 -601
42 -327
80 -368
26 -134
61 16
140 -231
46 62
21 -199
63 -507
26 931
105 -86
49 -245
102 -71
154 -9
78 -1181
93 90
186 -1223
138 -920
107 -882
7 21
2 -984
193 -901
168 1178
118 43
82 -734
152 162
83 187
94 -845
175 -272
25 -63
159 360
99 -1552
188 236
174 -678
97 -911
50 -338
45 -432
8 413
153 -655
69 -171
72 -583
119 -24
8 -14
116 -810
117 225
155 -959
45 37
37 -352
94 -344
34 -325
53 -305
166 -1205
176 -1076
79 32
177 41
200 -1972
196 -1860
80 -496
10 -77
162 -719
30 -180
192 44
39 1932
38 -118
75 105
148 -400
26 -227
188 -594
43 -248
138 -210
58 -113
87 -542
189 -1081
145 -352
170 336
122 222
8 4
7 19
93 75
14 -119
178 -64
74 1211
192 1819
32 -87
64 -319
151 -214
145 -1583
115 1168
172 -241
161 -1253
65 -432
77 -60
171 -954
8 -58
14 -87
31 -65
21 -92
124 157
69 -156
103 -106
85 -260
15 -107
53 62
165 197
169 384
102 -252
82 -788
40 -10
154 537
121 -645
121 -1008
138 806
75 1316
144 -68
151 -877
120 -914
11 -80
86 77
33 -1715
160 -603
172 -350
63 -526
11 -66
110 -769
169 -162
104 -826
100 -451
120 -298
5 -34
79 58
68 1155
177 -871
103 -82
75 114
47 -297
183 -226
149 419
135 -1493
175 485
199 101
189 -1344
50 -173
140 -1249
46 487
190 -227
71 110
69 -158
140 258
187 -1444
7 738
81 -571
76 -471
43 -51
166 493
83 1003
21 -158
189 -812
184 -1119
149 414
178 245
34 1635
78 -777
91 -618
138 -106
46 -158
193 -210
165 322
124 -91
141 148
56 -480
64 161
76 -140
196 -1306
177 1287
19 -168
1 -2
118 -126
99 -232
42 -1653
29 -36
26 -802
192 -67
79 -594
35 -184
91 -1075
145 1001
123 -201
164 240
86 69
122 465
136 -1135
71 -373
119 -805
162 828
194 -1023
199 -1158
38 -12
92 128
121 158
144 -407
1 -6
25 -846
82 -759
182 -536
52 339
116 -1121
180 147
103 -111
187 -1598
29 23
24 -73
142 -1779
68 -653
150 -1086
142 -310
194 -1139
124 -569
78 47
29 -199
90 -868
181 -1682
38 -316
106 -589
170 -1236
173 -529
9 -56
123 -267
4 3
105 -269
9 -13
16 882
137 -1089
72 -491
7 508
195 529
7 1451
24 61
3 -20
134 1141
101 -161
151 -1389
49 -482
12 9
174 -193
182 -69
196 469
181 -835
192 1410
143 185
27 -1687
33 -37
198 -172
92 764
127 359
117 -191
18 -107
10 -43
57 -416
75 -54
16 893
8 -62
106 76
59 -26
186 -931
174 514
66 -201
57 -672
41 91
5 476
185 -1649
47 -338
105 -313
38 -247
120 116
155 -1022
187 -24
114 220
27 -206
24 -68
34 -285
157 -1289
83 145
191 -88
26 -171
12 586
38 -280
5 -1340
156 121
24 -163
196 -73
29 -4
150 -237
77 -31
195 1755
139 -1056
12 -75
99 1295
133 -273
194 -1699
171 -51
122 -1939
8 -58
161 197
171 -1069
173 -1418
184 254
111 -683
167 -1352
18 25
61 -294
59 87
80 -788
102 -310
85 1583
196 -292
4 -12
188 -951
160 -287
191 -666
49 24
149 295
29 75
178 -1689
51 716
191 -1136
92 681
149 -179
157 -1433
48 -389
133 -1108
111 -979
192 388
50 630
90 92
138 288
150 -577
134 140
93 -300
20 -135
109 -14
124 -654
153 -528
200 408
102 -766
160 -132
146 -146
180 -622
117 -479
102 281
128 -404
163 233
77 3
114 -975
47 -212
70 197
76 -750
164 -1253
147 -1057
167 -1368
121 -1019
34 -19
168 -15
38 -90
81 -608
94 -82
197 1155
106 43
109 -629
70 -426
147 -642
153 -761
163 -1188
122 -313
192 1689
49 -805
30 -285
166 -1402
145 -965
31 74
61 -558
36 -8
38 521
150 -788
70 -278
51 29
164 453
156 1724
84 -316
88 136
24 -214
160 -1287
38 -238
59 -282
22 -53
140 139
75 204
129 -685
194 191
199 -1201
152 -606
48 1973
21 316
167 1036
20 -87
81 -501
71 -219
145 -1084
149 -648
62 73
103 828
24 -1435
36 -332
197 -793
174 114
13 -104
178 -690
145 -950
64 47
6 -1037
41 -236
25 -57
36 -1328
43 1996
109 282
187 -1197
144 33
119 -324
113 -1014
39 104
120 242
128 -458
107 -801
36 744
180 -1527
101 -597
106 -426
151 111
132 82
57 -535
62 -286
90 -16
178 1118
30 -148
155 -1233
199 584
67 -251
121 228
24 30
183 -1287
167 -777
93 791
7 -18
121 -356
133 -937
183 -606
187 -581
196 -316
118 -145
125 33
110 -741
66 -113
23 -52
114 -776
178 1611
173 -965
124 -747
150 -1014
90 -365
26 -200
30 -182
28 -8
39 84
189 -1043
181 448
85 -165
189 -612
166 -150
183 515
48 -313
124 188
43 120
200 -687
104 -29
151 -1388
67 -1595
179 400
168 454
154 -445
71 -1630
42 -43
41 -213
61 -234
78 -487
169 -864
50 -208
167 -887
31 456
102 -269
65 -134
181 -26
74 -498
63 -18
7 16
57 -339
75 41
170 -774
58 -211
78 197
34 -159
36 -272
156 1131
164 1497
75 -340
86 24
33 -257
156 -509
106 -898
69 -1254
134 1684
41 -225
70 -1321
22 -1577
53 1224
85 -1657
150 -950
168 -1946
49 -304
12 -88
85 -1221
41 44
27 64
100 -884
56 -183
157 -758
153 233
177 -552
39 -592
29 -15
100 -245
111 -181
3 -11
129 -368
187 1118
135 -1180
3 1
45 -96
57 -67
62 -1199
31 68
59 -550
122 -1568
22 -50
102 -496
47 -315
93 -310
127 -1239
84 -451
39 -157
60 152
138 -984
100 -200
18 17
120 -827
151 -777
115 -461
17 5
62 -357
170 -576
122 -921
101 -480
142 -1457
44 -338
103 -560
8 1105
86 182
36 -98
34 -332
105 -1032
127 -795
150 -1379
93 -902
49 6
69 -183
106 -412
152 336
56 160
74 123
97 -918
57 -189
188 -301
56 -310
34 -266
129 1742
139 1058
155 436
103 -212
193 -1930
94 1075
81 -666
116 -712
29 -276
39 -21
80 63
104 -545
54 -1020
193 -1490
31 -121
197 -309
75 -443
161 -70
44 110
170 -1517
69 134
103 -258
30 -296
15 1415
89 241
149 238
107 -780
45 -50
173 -754
17 -75
199 -296
71 -375
187 -853
89 210
98 -415
57 -550
160 45
66 85
78 47
23 -170
55 990
143 -880
183 -233
72 118
6 -6
16 1078
80 -734
104 -601
11 22
195 -358
123 -859
21 -109
41 1963
126 -787
166 -1412
104 -995
60 -1498
88 467
70 -642
59 103
68 797
139 -589
150 -1858
150 -659
180 -1070
141 -110
37 95
166 -514
65 -579
172 13
55 53
32 -1800
163 -1277
65 -1484
52 -65
156 -1226
52 -167
102 -997
75 -89
14 -96
163 -435
182 116
192 -1232
75 191
132 190
156 -1411
143 105
120 -1137
104 -46
73 -615
75 -65
148 -1326
116 -524
40 -51
190 -1077
184 -1281
92 -559
138 -846
159 -1774
107 275
55 -246
191 -826
61 -1577
169 1831
110 -408
69 -421
131 -943
167 -1889
163 2
118 -157
84 1468
160 -67
20 1269
118 -963
9 115
139 -637
92 -427
167 -727
74 158
56 -706
104 -713
128 -1251
46 92
98 -436
46 -242
184 220
157 -743
101 -1219
156 -914
140 -1577
49 -457
176 -548
165 -799
31 20
116 -992
181 -129
51 -67
83 -788
108 262
30 18
26 -167
36 -268
49 -416
50 -6
183 1158
17 -28
77 -696
197 -1678
138 -522
64 -224
1 1
154 -292
2 1
144 -535
151 -300
142 -1046
47 27
110 -1016
32 -144
26 -203
197 528
34 -168
197 -1124
117 -2
136 1930
198 -1421
56 152
35 -234
177 1064
117 -782
9 -14
166 -399
60 -290
58 -87
112 63
32 -128
79 -1367
196 -1281
17 -96
76 1000
163 1486
194 -1456
137 -1045
195 -1950
62 155
116 -206
1 -1
136 -1234
2 -1883
196 -318
10 -963
143 -503
136 61
190 -1667
194 -151
1 -8
160 35
92 88
185 -42
165 -535
180 -274
7 1462
200 -501
118 -923
76 -170
88 1373
48 -227
17 -92
29 -198
23 -228
167 -395
34 -284
166 447
87 56
102 -666
96 -422
170 -23
88 1276
55 -269
48 -1100
191 -1794
199 360
122 -868
34 27
61 -404
18 -12
14 -80
13 24
161 -670
131 -739
16 -74
134 -587
194 463
152 -1191
131 126
146 -1061
189 -1872
26 -59
178 -705
142 -275
113 -86
183 -1117
22 30
23 -20
196 -777
28 -235
57 1971
151 -647
21 -134
121 1
47 -1412
165 -1316
127 -851
62 -324
170 -1226
115 -445
74 -42
76 -568
134 -1116
156 -1511
111 -263
151 -759
137 -466
123 1290
197 -1408
66 969
145 329
187 -1504
43 17
88 -724
139 -679
118 -343
198 -141
79 -536
7 -45
191 -415
186 -708
151 7
49 175
120 -408
14 -7
138 -12
8 1828
150 -760
97 864
160 336
110 -189
181 -629
192 1398
6 14
107 -322
135 -311
140 385
176 -735
105 127
100 -284
156 -1157
2 -2
166 -1241
70 -155
4 10
166 -224
22 -34
85 1742
188 78
136 -909
160 -25
85 -740
149 1157
27 -74
95 -411
167 431
54 -1959
34 1794
53 -104
86 -753
15 -1932
163 -9
92 829
187 -189
58 -384
37 -306
69 203
97 334
80 -42
79 -595
128 -1278
99 -581
84 -123
172 1069
196 -1930
99 -145
11 -11
159 389
193 -931
111 -282
96 -667
177 -1669
182 -515
165 -1074
189 -1326
165 -158
185 -1435
157 -824
163 -1292
136 -661
11 -31
71 124
155 -511
42 -163
16 -7
67 -641
181 -1148
99 111
83 74
52 107
64 -574
165 -365
90 244
92 -883
197 -1040
158 101
95 243
157 -657
158 -898
21 1135
62 1085
170 439
44 -21
197 -1321
63 -128
107 -6
80 -746
8 -37
126 252
23 35
129 -994
125 -1088
180 201
14 -126
144 -614
177 -1541
48 -160
127 -632
35 -179
55 -224
40 118
162 1566
57 -1138
44 -290
97 -719
22 -133
139 -1959
187 109
89 -595
56 -525
17 1538
37 -74
79 -515
181 -615
37 56
141 -1031
123 -1088
193 -217
170 -1672
7 -70
24 -644
131 -628
42 88
183 499
105 -478
189 -763
112 -136
19 -171
192 -1505
146 1731
140 -412
95 1778
124 -187
3 502
94 -630
121 -37
47 -215
51 -1217
19 -12
199 341
9 -82
142 -1457
38 -342
26 -217
51 101
155 -1580
147 -936
93 -382
186 1136
10 -49
93 161
200 -1544
187 -7
181 -1491
172 -1035
30 526
51 148
27 -73
78 40
35 -56
47 -357
31 -295
67 181
69 200
159 1921
138 -1927
103 -948
127 -72
20 -16
116 -1005
116 -119
168 -392
61 -589
139 54
62 -596
138 -1028
106 -115
186 -1710
46 91
100 -418
72 168
108 -115
2 -7
81 -421
89 -219
12 -115
116 -543
72 -270
107 -433
15 -72
105 270
160 -58
140 -377
109 99
60 -158
163 -639
57 -57
32 522
119 -968
122 -944
181 1077
189 177
4 -973
95 -114
199 -1655
192 334
173 -1583
68 23
48 -98
102 -80
184 -756
81 -1749
79 -380
63 155
154 -122
30 731
3 -10
153 -15
32 -111
167 -1727
63 -317
151 -299
123 -1098
36 -238
22 -72
186 -17
12 -47
130 -1283
88 -408
107 -570
49 -183
91 -71
192 -577
104 -372
172 434
129 261
121 -874
27 -263
47 -1035
82 180
133 -623
172 1463
190 356
22 55
92 162
182 -1211
124 300
42 -416
190 557
108 -922
143 285
29 12
18 28
138 -1028
156 -985
47 -347
191 -1729
163 -1526
157 -11
20 325
37 -316
15 33
195 -1280
183 -741
31 -271
17 -139
48 -371
80 -496
26 28
20 30
82 -40
46 -56
30 27
190 -442
1 1792
80 -383
41 -351
166 -495
182 -308
149 431
147 -1566
144 -1165
63 1060
26 -125
42 -424
36 -144
159 -1323
65 -296
94 -88
53 -1614
73 101
129 319
15 -16
139 -1236
159 -1137
136 -885
195 -276
66 -190
168 -478
197 190
184 -417
26 -117
37 -152
141 -223
39 -990
104 -528
100 111
69 1579
31 1040
39 -283
167 -757
154 265
93 -163
115 -1002
16 39
37 -320
135 126
107 -622
124 -1392
77 1939
7 -8
100 -35
48 -472
96 -217
133 -844
46 -345
8 -76
114 -169
144 -856
74 -388
73 -75
113 -165
56 -524
109 111
105 -387
124 243
36 419
78 -677
156 -583
174 219
198 -1970
82 -171
77 -745
71 -617
40 -383
82 -578
69 -689
90 -969
39 115
16 -885
187 -69
1 -8
173 -793
59 -397
9 -43
60 -505
164 62
123 -122
126 -619
126 332
114 -363
155 -1067
33 -57
76 -624
167 180
149 -1346
11 -54
111 -282
170 -48
31 36
96 -300
96 76
101 -333
88 -100
49 87
97 -223
99 786
82 -171
95 -581
151 -394
129 173
24 -14
140 -598
59 -418
155 -395
160 -10
6 -15
81 636
45 -428
121 145
141 376
184 -833
156 -1098
173 519
184 -814
28 1107
183 -1264
15 -94
158 -1415
186 -580
55 -472
192 -1122
193 -1927
66 -617
54 56
64 -412
24 -25
161 -378
137 -527
97 -519
178 388
26 -39
200 476
55 -521
200 -47
2 1952
90 -164
96 -725
31 -1386
10 -31
189 -661
63 -532
33 1776
184 -288
104 -1335
194 -1123
7 -26
168 -2
35 24
11 273
101 -521
87 191
49 44
108 68
78 -684
114 -1923
111 -704
31 -230
57 -1950
101 -865
118 -1157
82 -155
82 486
26 519
137 1129
14 -51
58 -185
120 -320
172 -821
55 464
68 1157
102 -890
87 973
54 723
115 106
124 -1182
25 -68
158 -964
109 -185
102 161
160 -137
75 -176
142 231
12 24
111 253
67 -444
127 -448
143 -932
16 -727
71 -304
126 -1143
85 -744
29 -14
161 -1569
95 -198
155 -451
33 -95
79 114
74 563
85 -332
159 -1315
183 70
56 -545
175 685
62 115
188 -414
15 29
53 150
117 7
90 -414
59 -388
108 41
73 -521
136 74
25 -162
77 -1398
149 -738
150 -1118
41 -79
39 106
18 -502
133 1670
190 -1633
163 -966
69 -23
174 -1455
103 4
84 146
27 -3
91 -780
72 -423
97 -396
63 -35
141 -1216
44 -354
184 -1657
11 -620
78 -384
83 -364
104 233
192 -307
163 92
189 1115
178 -637
182 38
118 220
136 1433
3 -4
144 -755
115 -275
30 -167
62 -148
57 -552
65 -104
86 1546
88 84
102 -881
27 -136
188 -922
139 -576
74 -407
182 -681
187 28
75 -1797
128 -1060
28 444
66 -57
88 -284
145 -909
130 -383
18 -40
10 17
20 -381
150 -362
187 -1509
121 -328
117 -843
156 -1242
106 -1786
172 -500
180 441
66 -344
56 73
30 8
108 -419
140 -450
47 -57
40 -10
200 546
192 -1466
47 -300
57 148
112 685
145 34
22 -5
106 -865
132 -225
180 -10
69 -557
17 478
59 110
165 335
151 126
146 -338
67 -1147
159 -461
31 61
81 1037
178 -187
131 -795
172 -375
68 23
106 -79
74 123
112 -623
157 -1045
140 -241
24 -236
40 -394
148 1353
56 34
125 -521
72 0
172 -1046
65 -433
128 -474
56 -454
166 -929
52 1495
145 -877
63 57
94 -442
35 -201
79 -399
65 -383
18 -36
191 212
126 63
5 -24
190 -247
6 18
93 175
157 -913
24 -6
52 -333
114 -518
44 -254
16 -15
44 -139
70 -302
174 -1479
193 -245
115 -347
44 -330
68 -141
104 924
99 -54
168 241
35 -143
61 31
141 -1365
77 -627
98 -674
25 -198
20 -80
113 1901
147 44
62 -61
148 -939
22 -207
183 -1210
115 -791
86 144
118 -288
85 -550
130 -588
89 -870
45 -149
27 1614
93 1099
116 -82
146 -17
30 -185
131 -566
66 -222
100 -756
113 -945
34 -506
101 1749
42 -80
121 -197
72 103
104 -953
5 -34
191 -399
108 -823
48 -158
10 -69
107 -1763
130 -305
57 34
109 -1084
141 -999
126 -544
10 -72
90 -697
6 -12
66 -532
34 -290
114 313
3 -30
61 -201
32 -240
65 -288
138 -13
187 -914
99 182
158 -454
29 -236
179 1840
10 -43
175 -638
31 -241
70 -623
182 -1586
131 -69
190 -1070
107 152
69 -676
144 -815
3 -3
33 -166
193 -1281
116 -784
128 -1168
39 -140
25 805
168 -408
56 -312
85 -670
39 37
59 -247
105 100
103 -410
150 -24
197 828
52 -281
146 -932
97 -133
159 331
176 -815
25 -65
186 122
41 -125
150 -1008
130 -3
85 77
60 157
40 -51
123 -551
51 659
109 -286
140 -1230
79 -393
131 698
114 -940
168 126
125 -532
102 -326
34 72
79 -215
74 1605
55 -515
120 -1954
38 -123
28 -116
190 -1131
199 -396
21 -870
150 -85
74 -1710
80 -326
173 -1959
144 -169
58 -592
199 576
199 15
74 -107
33 -252
187 332
29 -154
99 -1138
21 -144
197 -1731
127 -553
140 -250
188 -639
152 62
64 192
14 -79
113 -906
190 -1832
137 102
77 -456
87 -1682
25 -115
30 18
59 -105
159 -494
183 -245
25 50
110 -463
158 -111
18 -74
71 -634
13 15
118 -219
168 402
171 -862
131 -871
157 1407
127 215
150 -208
159 -255
167 -194
200 516
52 -95
90 189
17 -1907
143 -179
90 -897
176 1603
151 811
38 13
19 -125
60 -576
181 205
120 -943
166 -866
9 -41
84 -730
30 -162
132 -1721
191 347
98 -340
158 -1272
148 -1077
89 -272
1 840
7 -55
81 230
41 892
158 -1551
98 225
45 -416
173 1805
35 -340
163 -226
91 -1544
34 -235
131 1511
144 -355
139 -1665
162 259
179 -21
172 -1636
160 -1401
2 -9
46 1006
128 -1165
82 230
123 -637
125 -398
91 -513
181 462
126 222
106 -276
146 -899
179 375
178 -939
191 -1624
95 -627
122 -736
53 -39
2 -7
199 -446
159 -1235
147 -1310
172 -828
95 -843
163 -984
90 -1256
91 -209
159 -1532
53 -382
99 -804
55 912
72 -1419
181 -1753
75 -178
111 -392
135 71
193 512
38 376
84 -87
11 1364
63 -434
184 -822
5 -4
118 -476
194 -915
64 -376
36 55
121 246
147 -1085
116 -583
84 157
171 -1339
181 -1209
135 722
170 -1010
12 29
10 557
139 139
79 -249
62 131
37 -330
159 317
23 -116
148 -587
157 -1053
103 270
80 -407
89 241
29 -653
139 -125
167 1203
181 926
138 -132
1 1
63 79
55 145
22 5
31 -77
192 -1906
6 -38
180 -1494
20 1893
34 -319
44 25
129 -1013
159 -1475
195 -526
130 -490
96 -904
50 -244
109 -727
152 378
80 -327
165 -49
182 -1207
26 -1779
50 29
156 -483
79 61
180 -675
123 -235
130 170
197 -278
194 1927
43 -347
45 64
196 -1396
171 -880
194 -326
23 1762
183 -149
169 301
65 93
106 1535
196 -1902
4 -6
198 -1309
79 216
182 121
136 -1099
52 -30
135 -753
14 -120
177 -522
36 -339
131 211
112 314
87 -769
65 -373
188 -1784
166 1366
86 494
90 -364
34 80
130 -1127
121 -41
146 219
199 -1469
41 -101
24 33
197 -24
2 -8
20 -171
162 -1478
138 -1180
149 190
187 -468
106 -80
170 323
146 -1125
148 -544
35 -1562
124 309
51 1
106 -414
170 -449
96 239
76 -200
70 191
24 -60
87 91
95 -562
55 1
192 -242
41 -136
68 -89
20 -80
64 28
131 -339
197 276
116 -364
108 55
70 -125
66 1592
37 11
107 -458
134 -1336
18 -5
115 -754
75 262
172 -1635
73 107
174 1530
133 -575
119 -487
185 482
72 1894
87 298
161 -819
56 -425
29 -65
5 1773
183 58
142 238
158 -1485
48 -476
185 -235
19 35
138 -636
28 57
49 42
101 -132
184 334
37 -276
55 -8
190 -1443
43 -121
125 -676
36 1916
137 262
179 -519
114 310
75 -434
113 241
50 1286
119 -676
107 -844
141 -484
197 -1743
138 -1313
46 99
137 -974
87 546
27 69
83 -693
85 107
182 802
125 -348
112 478
182 -410
46 -453
39 -27
176 -1499
18 -57
62 -415
123 -1222
49 143
30 -292
41 -748
91 -1301
17 -59
91 -1128
121 1409
182 734
50 398
14 -125
113 261
20 -23
151 -596
93 -276
94 -846
20 -120
37 -332
79 -84
131 -776
49 -66
157 -903
187 -454
192 -1281
26 73
16 -111
165 -859
31 -52
155 1418
112 -312
85 -120
50 -292
16 -121
173 1032
66 -488
118 -583
115 125
175 -728
178 56
38 -144
46 -207
11 -71
78 -623
145 -781
157 -1355
46 -308
149 -1370
186 -1749
168 -431
60 199
67 58
176 -346
6 -45
162 -911
9 -32
70 -405
199 -1666
185 1201
51 -12
129 109
136 1696
140 -1069
96 -414
24 -11
69 -481
155 -117
42 3
76 154
139 -774
31 -242
104 -971
1 0
13 14
42 -366
1 1994
29 -178
16 -17
43 772
99 2
193 -1208
174 -14
148 -209
11 -80
171 -1672
63 -585
89 196
143 -1364
42 -1511
185 124
97 -151
33 -307
126 135
68 -76
1 -4
32 -99
62 176
191 -230
194 292
91 -767
136 -633
132 -543
61 89
143 -75
20 -146
22 3
167 243
103 -205
169 377
106 46
61 1630
57 -319
30 -264
173 -1552
60 97
196 465
38 489
129 -681
60 -58
20 -63
180 597
38 -611
69 -50
152 -48
155 409
153 20
94 -594
57 -345
66 -220
105 -648
40 -239
95 -186
181 242
181 -645
107 -515
36 -146
111 -944
118 -1132
191 587
37 -288
27 -88
36 74
31 19
120 190
178 1589
145 -529
162 -181
12 -47
143 140
13 -1
49 -414
22 1009
17 -135
25 1163
104 -108
173 16
131 366
145 16
12 -117
98 -198
104 65
108 -815
53 -1660
178 -1210
193 -592
37 -1976
27 -58
46 -234
116 -636
41 -107
97 -700
151 433
191 -993
19 36
176 -1165
149 239
131 175
172 -211
140 -1327
91 -1531
137 250
77 -567
124 410
160 215
27 -197
2 -9
132 -1079
9 -47
137 -818
65 518
124 -884
83 -763
47 -387
152 206
170 -1046
45 -165
152 60
159 -1132
196 -1440
30 -45
181 -1250
135 -310
168 -1224
16 -5
53 -32
141 192
57 -387
29 33
102 -366
86 -562
67 -1878
83 141
147 -1032
71 -456
194 -460
158 -100
104 -749
33 -870
62 138
144 239
145 -247
119 -646
199 -1239
80 -185
62 -127
26 33
101 -262
200 -1941
55 -375
83 -261
161 -481
76 -668
153 -1240
179 377
51 -216
109 -782
32 -300
163 -472
75 -547
24 -168
161 340
121 -982
166 -548
185 694
90 193
60 86
149 -1487
93 67
67 326
44 -309
83 -576
94 -579
79 -56
126 -699
141 -851
197 -798
76 -647
44 -319
157 -250
165 -1103
184 -1015
154 324
161 -1168
8 -52
131 -1180
145 -620
199 -1236
3 6
120 110
109 -729
16 -69
164 -754
153 -592
136 -1051
92 -917
61 5
78 -748
73 -391
151 -1024
66 -280
45 846
93 -739
4 -16
4 -7
15 -56
196 8
70 1481
35 -276
87 -365
197 -1641
18 -144
113 -581
25 52
102 149
105 -900
48 29
50 -70
164 -285
183 -904
1 -8
163 -846
91 260
109 1305
157 -350
178 -1027
127 -165
86 69
173 -408
54 137
24 65
166 164
85 -438
45 101
84 -205
113 441
37 -104
15 -33
195 -1198
20 -148
175 -1445
13 1437
136 -1198
200 -697
136 299
52 -397
134 -517
10 1755
31 49
185 -476
185 -423
7 8
183 -488
105 -5
125 128
40 -86
7 -70
165 -1001
55 1603
128 -422
146 -676
55 -227
193 -1291
149 -144
10 -67
127 -522
182 278
177 -912
200 -1582
103 -804
65 177
143 -1326
80 4
147 -223
177 1259
153 -1062
131 -863
197 -1146
42 -223
14 -12
69 89
43 -36
157 -544
132 -934
143 -912
5 -30
24 -120
185 -1676
89 -1954
84 -813
94 253
37 -1128
50 -39
177 368
126 -324
130 -598
70 -584
178 -1220
107 -1618
3 -12
12 6
71 -310
174 256
20 60
82 1428
61 -1216
129 90
167 -309
117 -1009
104 -526
153 -151
23 15
22 -186
155 197
43 -382
164 -708
150 -1123
89 -420
45 -17
110 -44
198 374
197 -1621
90 -39
197 -258
58 -133
171 -992
108 -1010
169 -432
184 -1498
184 -1408
175 -1533
199 279
42 -165
135 281
91 -603
51 -497
21 27
100 15
66 -1740
16 17
179 -684
101 89
120 -1061
182 -739
87 1253
99 -886
69 71
152 -1229
152 -1502
118 -726
43 -390
50 68
64 -438
172 108
87 -429
126 -367
2 -9
96 -959
125 203
11 -100
69 27
197 -1006
83 -410
29 1720
58 -212
28 972
65 -417
124 -142
171 -1266
124 -41
30 -241
119 -130
143 -1144
113 -684
136 -249
59 -186
167 -1429
97 -509
52 -507
84 -757
63 -143
66 1201
1 -3
18 410
199 568
75 -200
32 -195
124 -1
27 -1605
43 -1
160 -990
141 -232
133 -97
115 147
80 -223
15 -26
61 -1481
71 76
29 -152
12 27
3 -14
92 578
157 5
148 -234
125 -839
49 -341
177 -1010
121 360
148 263
36 -1038
145 -1417
110 -659
108 -485
172 -1314
164 -25
36 -95
33 -172
76 -654
78 -990
198 -1246
24 -138
160 -1081
83 -86
19 -39
195 -1306
162 -1386
82 -150
5 -45
50 61
100 -513
137 120
200 -1283
147 88
133 -1294
87 -307
133 -1007
123 204
70 641
155 -1119
66 406
124 -697
188 -904
172 -286
68 -23
141 -460
155 424
101 -935
10 1822
133 -672
134 156
136 -546
45 99
131 692
139 -636
168 -805
174 -865
8 10
47 -1704
88 1500
14 20
187 -142
106 -1933
131 -909
45 430
171 -1577
47 -97
41 -149
76 -537
138 1175
145 -670
13 -10
37 -17
165 -992
186 -183
165 -1133
196 -1082
96 17
178 -494
100 1346
146 -276
128 105
155 -1
183 -293
64 -1620
197 79
49 -15
173 -231
89 -404
111 -516
87 -823
109 -1353
27 -4
29 -245
80 -771
28 46
74 139
130 -327
114 -136
125 -678
133 42
125 -661
132 -1744
111 -339
117 501
170 -169
133 234
109 155
150 -943
63 -459
25 -276
83 798
126 264
186 443
66 830
89 -600
143 373
152 -282
166 -638
125 -604
163 -1004
41 -1818
3 -1355
23 39
12 14
116 -950
197 301
167 -1163
45 1338
92 -573
126 -1177
180 -1164
3 -8
93 -601
157 -16
127 150
79 -531
200 443
69 -346
68 151
157 -1032
112 -152
68 -442
186 -1082
182 -1310
69 -535
114 -17
172 -1593
56 -1031
179 401
21 -200
90 -19
1 -5
199 -861
187 -292
14 -1560
142 -1346
127 -88
138 -577
78 -129
52 131
150 433
95 79
89 -802
200 -1917
115 149
75 -551
63 35
8 -390
109 588
8 953
14 -1489
65 143
92 1393
158 -149
151 -301
43 -291
58 167
115 -917
149 -917
154 -853
37 -175
15 -86
57 144
200 -1226
9 -11
117 235
159 -867
46 124
44 -48
190 -740
52 -452
59 -86
156 -297
10 1498
176 -305
35 -1598
18 -175
60 13
78 71
105 1901
149 -714
125 -1174
54 -426
169 354
158 349
156 457
19 -883
197 -1816
162 -44
90 -798
131 247
115 1202
81 241
58 1682
186 65
129 -1189
22 10
129 1778
40 -53
58 122
122 -88
190 190
198 645
149 1412
96 -351
69 -654
160 1676
151 -588
104 -137
118 39
182 -589
110 -1030
166 -105
164 -931
46 522
103 76
107 -139
162 17
68 -339
71 -302
116 -240
77 -377
122 -252
195 -1706
183 -955
74 -656
138 -1038
124 -1587
40 -110
16 -147
187 -252
102 -39
108 132
123 -415
89 -722
184 512
69 -73
60 515
199 504
161 50
53 -107
161 153
84 -581
190 460
16 -101
174 -438
53 -218
109 78
45 35
170 -1225
112 1089
53 -121
176 -329
85 -547
52 -441
184 -891
67 -639
148 -427
200 179
59 -141
27 -239
98 -680
22 -200
113 -972
20 -152
154 -1085
184 1075
42 -200
18 10
106 -421
36 -50
94 -562
39 1433
157 -535
121 31
89 -147
14 -76
54 51
185 -420
60 43
193 -1260
153 956
73 296
102 -608
173 -875
139 285
103 90
64 -441
32 -155
187 -1366
169 -1537
4 -22
45 133
113 -874
141 1418
31 -188
164 -530
32 -59
11 -12
111 -918
156 -1393
90 -777
133 -1076
113 -842
43 3
107 -881
124 45
153 39
107 -203
200 -752
59 -227
157 -1408
48 -424
197 329
72 1
105 -95
123 -408
96 -406
38 143
113 -767
59 36
123 -581
15 -104
2 -8
75 1464
97 -956
130 -92
63 95
145 -1430
132 -202
15 -144
100 293
91 42
24 -129
3 -805
60 -419
123 1989
43 -576
58 1381
87 1353
138 -113
159 -739
158 -1131
40 -295
46 -1898
169 488
118 269
40 71
16 -6
96 -941
144 -1076
26 -1041
165 376
75 -92
43 -24
109 -876
141 -794
51 -144
175 -1309
129 1491
123 -312
180 -649
90 -174
139 -864
20 -181
146 -493
83 -292
104 1949
178 -1380
78 -773
160 1066
65 -181
174 -720
86 -535
134 343
185 171
76 -153
188 320
84 -720
96 63
176 -1466
116 -908
94 -520
136 -435
130 311
100 -55
184 -114
153 -1305
126 904
175 1972
100 -795
113 88
26 -210
180 -143
117 -76
45 -274
122 -743
57 -118
145 370
10 -1232
129 -1581
128 -248
80 -1952
149 403
60 -477
168 -777
161 -1081
61 -173
28 1748
35 54
38 -13
169 466
67 -407
70 -269
84 -591
53 33
172 -1910
159 -840
67 1846
114 1210
168 -1671
149 1593
72 -672
164 473
110 -977
164 1246
41 15
35 48
44 -266
161 -253
143 -1081
129 -1001
155 -1388
21 -131
197 -1267
184 -725
77 -1021
56 87
100 -37
24 58
191 -922
149 -1497
10 -57
97 -204
81 -508
91 -869
13 39
192 341
191 -1506
13 -26
46 82
94 -828
7 20
95 1246
16 -48
86 -826
115 -690
92 144
163 -1404
143 -955
70 77
64 -489
129 -1087
134 -85
29 -234
131 -530
21 -198
38 -70
107 -381
85 -596
143 -1009
181 -1675
97 44
18 26
77 160
145 -1068
74 -504
188 -456
83 -807
135 -995
71 100
74 122
43 74
71 -486
85 1770
195 -100
157 -1453
175 -1237
193 1419
192 -1662
158 304
117 -343
54 -355
165 -1366
153 -1645
54 -332
130 -1700
22 -156
164 336
71 -108
19 -188
55 -442
121 82
60 -1593
28 -154
18 25
176 -259
117 -1159
135 -1006
180 -132
179 -1634
82 -403
79 -945
48 -428
136 337
37 -1833
20 1702
170 -80
121 -303
4 -21
37 -77
125 -1133
37 5
118 -433
77 -499
71 -567
30 11
111 -772
45 -326
142 40
40 129
109 -943
171 -328
70 -252
186 -744
120 -16
74 -280
150 91
168 -1267
175 666
47 -4
58 -1085
101 -862
171 -1330
148 170
8 -72
180 -1448
2 2
1 -10
190 -1431
86 -107
43 -48
97 -601
18 -104
139 5
44 -46
164 -1189
131 -879
123 -1114
154 -1147
2 681
57 -138
124 1580
73 1133
56 -1913
171 -252
32 1723
199 -1855
22 -1560
113 -818
38 49
13 -63
98 -53
152 -571
175 270
170 373
7 12
114 -1054
122 -1388
134 -1014
12 -67
142 -1389
58 -250
155 -1519
76 -379
23 -57
93 -115
146 -1194
157 -1327
23 1550
168 -745
130 -728
113 -444
140 -282
190 425
148 -1603
76 -711
87 201
193 -169
43 -429
158 225
151 -1520
167 222
172 6
141 123
115 -483
119 -341
86 -92
88 -68
146 -291
22 -20
148 -468
176 -1305
124 -879
25 -186
38 84
89 -553
170 420
171 -369
87 -1245
62 93
129 305
109 309
171 -1123
120 -494
69 -380
35 999
5 -26
165 -445
166 -236
46 -425
175 -678
192 1007
52 -472
50 68
55 -261
95 -625
126 -503
196 31
149 -938
72 13
48 -84
169 -956
141 -621
133 367
23 -869
18 -108
47 -68
41 -161
152 -38
165 -1232
32 -203
167 41
128 -246
107 146
1 -4
86 170
197 650
113 -730
154 154
188 -1687
116 -1900
60 -587
81 -753
82 -799
46 127
138 164
150 -375
79 -229
176 -356
174 -430
76 -1524
109 -741
155 -1131
80 -467
119 -903
26 -234
29 -112
98 -427
132 389
49 0
3 0
76 -218
52 21
123 310
121 -77
39 -205
196 349
170 -1044
138 178
30 -76
10 7
192 -232
88 1216
78 -153
46 14
119 -220
136 463
101 -235
74 -1293
52 -467
34 -297
168 793
148 1447
98 1114
168 -951
131 -1156
184 -494
86 -302
23 -563
9 -11
146 -426
24 -20
102 -1019
71 1863
188 -1428
176 -890
33 13
111 182
44 -360
10 -48
16 -54
160 -1187
174 -705
82 94
4 -3
12 -117
100 -744
17 1342
184 -23
194 -146
134 -845
132 -110
122 -196
73 -404
138 -1318
178 -1220
40 426
185 -566
132 -53
115 38
144 176
188 -1783
144 -618
28 56
131 -429
195 -124
1 -8
187 469
83 -765
50 -478
104 -1221
118 -211
26 -218
71 -245
65 -1173
46 -4
41 -212
195 522
44 132
22 -207
46 -382
47 -153
177 277
167 382
72 -369
41 -251
47 -64
182 -424
167 418
194 -272
170 52
149 -145
174 -967
182 -722
142 -231
176 -66
172 -555
35 1796
28 612
149 -446
182 -1303
200 -1934
183 -1262
193 1480
163 1441
86 -623
181 -640
175 -576
177 -686
182 -1966
155 -222
146 -683
17 -105
64 -1801
159 827
128 -1023
55 -825
9 -55
64 80
200 -288
146 -594
93 273
153 320
186 1809
94 -889
139 -660
194 -1156
163 489
21 904
174 -1023
37 -1276
165 -586
100 1724
43 -10
21 -19
117 -1131
89 -206
156 -466
40 -270
1 -8
11 -90
167 260
63 -139
119 156
165 -991
142 370
197 -644
71 -370
126 760
44 -435
101 -919
83 -310
187 467
157 -1106
7 12
181 -339
31 -273
142 -1266
84 -318
20 1074
6 -22
46 -400
32 -245
155 -1367
200 283
186 -927
21 39
2 -10
120 -878
117 -536
121 -941
13 -109
140 -291
134 -61
58 -117
85 -207
27 1975
143 1642
97 -441
28 -102
179 71
102 -1426
139 -1331
144 181
154 -1264
132 -96
107 1899
29 -263
126 1756
79 10
198 427
100 -612
121 8
60 183
4 -4
82 -709
119 1854
56 149
43 67
57 -506
45 -207
180 -308
60 -504
175 -941
46 -78
8 1571
57 -1976
56 76
37 -327
169 1569
148 273
135 -1254
186 -727
68 -1424
97 -167
44 -342
117 -788
107 5
182 -401
75 -184
150 -1414
44 -67
169 -460
127 189
195 1513
87 128
195 -739
97 -621
131 -450
98 -459
140 -1029
159 50
165 -844
106 51
63 -511
152 -1455
133 1929
182 -872
130 -428
65 -1481
1 -4
84 1222
37 107
15 -69
143 -1397
197 -395
199 -144
111 649
167 -35
106 -135
121 916
48 -229
190 -960
165 -1159
46 1180
11 949
88 -44
62 -452
178 136
194 425
191 -819
80 -176
117 -883
126 -1011
45 -403
136 404
21 1465
14 -99
25 -111
71 568
4 -21
161 -411
87 194
169 -614
121 285
157 -464
161 -534
154 -1178
179 -1232
81 -621
194 -1191
199 583
6 15
151 -861
10 -49
24 -132
79 -76
144 -1122
47 23
105 -577
119 351
109 -805
197 -1597
28 -18
6 -53
69 -685
150 -589
115 66
150 291
1 -10
93 -301
52 -268
145 380
24 -76
135 -846
83 -327
118 -749
118 -213
30 -32
152 31
77 1877
41 -184
72 -131
146 -1891
131 266
27 -69
2 -14
92 -1403
121 255
81 -248
59 -156
16 -62
66 -318
79 62
113 -470
78 -526
153 213
157 398
16 -106
21 -164
115 281
100 -477
72 82
136 1012
8 7
107 -229
160 -1931
123 -859
51 101
17 41
136 -231
184 -179
17 -101
200 -1826
125 342
74 -476
27 -76
98 179
19 -44
69 -116
81 -745
186 -1331
62 -56
114 -898
120 61
142 -486
38 8
177 -1394
49 10
80 -501
197 527
106 670
95 -154
105 -326
51 178
32 -87
107 -109
190 455
133 -159
101 -138
85 -154
32 -635
186 -429
184 -1799
165 -991
125 -675
146 -444
16 10
176 -88
103 137
38 -339
23 -44
3 -23
152 -54
144 -440
138 -516
122 -256
24 57
26 -40
29 -274
171 -1181
197 -636
46 -357
162 -1107
80 -473
197 337
86 -848
91 -649
119 -741
104 574
153 187
40 -3
90 -376
120 -1004
86 -537
120 -731
114 -91
104 -887
105 -267
121 -411
168 -1033
39 -365
157 -792
126 -751
167 -1105
135 -333
172 -1268
103 -927
62 339
100 -98
130 -1200
108 -606
187 489
87 -326
147 -905
130 -210
78 -1251
177 64
179 1909
23 14
14 37
56 -218
116 -1023
9 -890
135 -1233
94 -42
191 511
163 693
59 -508
167 -184
158 -1093
134 -1298
192 269
137 0
147 -1611
138 349
121 -82
107 -182
132 -313
92 96
10 11
113 -748
152 -463
168 -1467
27 -58
4 -16
27 -20
68 -203
124 -96
165 -1079
117 -429
9 -50
10 -20
144 -389
113 269
174 -85
176 215
180 -1114
96 -494
4 485
166 -875
8 1013
129 -486
14 -52
10 -21
107 -1733
18 -129
60 -352
79 84
112 -975
136 256
94 -570
185 1087
183 -490
74 -156
75 982
138 -1244
66 -259
120 -599
136 -587
172 118
113 -697
97 -427
36 -268
48 -115
127 -138
115 1706
52 -87
16 18
155 315
121 1334
156 -615
176 -1161
193 -823
23 -52
191 -1780
175 -965
70 -561
184 -1561
103 239
162 198
97 -594
184 -382
53 -62
109 -123
156 -892
97 -826
137 -1280
4 -12
27 -1216
162 -1340
97 -328
151 -1494
173 332
134 -1286
17 -18
31 -200
39 -1612
152 192
165 407
122 -306
105 -841
19 -65
118 -855
172 -1697
119 -41
98 -42
111 -586
153 -1153
139 -537
62 737
131 -1012
3 -30
29 -203
54 -177
126 271
62 -221
90 -617
77 -18
55 -1675
121 -286
96 -329
178 -720
145 -541
94 -502
81 589
200 -981
173 48
31 -1454
124 -323
130 -1088
165 -67
84 223
107 -178
115 -1123
196 -550
92 1745
142 -912
179 -626
22 -162
79 84
121 -1010
139 -825
49 -249
158 -1528
99 -5
181 162
175 406
103 -1813
69 -516
9 -88
151 1125
131 -306
16 41
78 -129
92 709
51 48
67 44
9 8
93 901
74 -45
73 -217
14 5
40 -354
80 20
154 -544
17 -56
95 -1466
120 -679
71 115
12 -76
159 -1058
29 -1640
34 -302
146 -836
46 -1310
151 119
60 -567
107 -717
48 -24
108 -1027
44 -381
49 59
197 582
42 1
127 -538
90 -505
195 -225
153 -305
53 -562
102 -308
188 -279
65 89
137 53
155 -1396
178 -1610
131 -969
89 -491
10 -67
155 -562
172 -1075
95 -923
133 -736
161 -1135
144 -74
92 145
79 -72
156 -635
26 1292
162 -1406
187 -226
92 -91
106 -523
177 -234
168 -706
41 -334
123 1110
37 1606
151 -807
133 -885
135 1722
39 85
182 165
157 -555
96 -40
176 -802
115 -267
18 -148
132 -657
114 -685
67 35
107 -753
108 70
180 383
76 -361
132 -639
36 -9
70 89
167 -633
134 -1166
3 -9
20 -31
96 -801
177 -420
150 -349
98 -400
78 -1166
31 -1978
136 -293
109 -247
198 362
73 -44
122 49
91 -382
61 -591
78 -68
76 -153
174 -178
132 295
134 -387
136 1334
178 -362
138 -1026
85 -714
32 -169
143 205
187 -342
180 232
124 -277
137 -829
58 -847
94 -244
67 -231
94 -254
166 -12
25 -61
176 521
129 -534
90 -289
102 -972
21 -135
192 823
110 -1019
52 -520
149 -191
178 -999
92 -1969
28 -135
158 -390
44 -356
88 -404
57 -305
178 -607
148 -214
176 23
111 -682
52 -1954
160 -936
4 -38
183 -619
123 128
100 -1269
39 -172
175 17
48 -7
33 -45
133 549
24 -68
37 -366
187 -349
148 -567
32 -167
132 428
30 309
40 -24
63 -273
135 394
76 -312
79 -381
63 -253
122 183
126 351
3 -6
73 -324
67 -209
47 -406
101 -413
116 260
33 1216
42 1790
175 123
194 -202
60 -142
152 -1301
25 -27
11 14
106 -854
172 -977
41 73
36 -31
69 -258
114 1280
16 -1027
194 -443
95 -260
147 -313
23 -83
51 58
14 18
132 -578
88 -618
50 -222
10 -58
151 1153
173 -942
99 31
18 -3
76 155
38 -805
58 -396
69 -189
176 -1163
51 -136
18 -93
118 -901
49 -443
192 -1623
172 -585
107 -821
122 -240
62 -322
78 -736
12 -75
163 484
184 408
160 -1127
18 -117
195 -257
85 1787
115 -775
134 384
92 -548
111 -607
104 251
129 -704
192 -1053
70 -523
100 -422
101 -682
200 -511
2 -10
75 -575
31 -136
60 -557
179 644
30 -231
65 -455
5 -8
193 -1147
115 -429
100 -752
13 -63
24 -229
98 208
165 -1701
170 1945
170 1487
137 -920
128 -950
81 -542
82 164
135 -783
170 -925
13 -115
138 -156
113 -1447
119 -799
147 -1561
191 -1861
131 -303
137 -969
94 -209
171 -1748
67 -218
37 1390
42 -354
156 -1349
92 -13
136 1452
37 45
195 -99
64 -606
47 -234
199 -1185
154 -213
192 116
79 -612
180 -346
41 -231
137 -184
79 -1026
78 92
126 -1176
179 -1619
35 -50
124 -299
12 -63
3 -14
50 -161
74 198
166 479
112 -685
170 -498
38 -171
188 -329
18 17
47 -39
195 -495
98 -447
156 -1175
171 -1502
26 -247
110 -1007
23 -34
69 -197
98 -549
83 100
151 -1387
186 -1814
146 662
107 -391
52 -256
1 -9
119 1623
32 -141
163 139
54 -514
8 952
75 -637
51 -174
13 -19
167 -1377
129 -949
70 1023
198 -1300
21 -183
101 -839
139 -499
28 765
19 1822
128 -1499
20 827
89 -563
56 681
76 13
97 -779
180 389
96 -287
30 37
160 -924
37 -32
138 27
145 -1292
173 -46
168 228
156 -409
7 -52
177 -863
145 -1323
154 -1090
158 -184
130 -953
77 -638
159 121
148 -989
115 -743
19 -145
125 766
86 76
41 -175
162 4
136 -172
2 579
109 -633
171 287
164 -1358
160 -1592
161 -90
156 -223
23 -202
28 -50
28 -182
73 205
38 69
19 -359
179 -462
75 -414
6 -28
16 -48
143 -578
124 298
107 -495
118 362
96 -885
105 -1691
169 -1634
200 -966
35 -39
109 -679
180 -294
197 -1830
43 42
107 -947
156 -520
68 109
128 -702
29 -7
103 -449
121 334
177 -187
182 -283
152 -813
118 822
197 -378
180 -36
106 -104
15 2
170 -186
23 -192
50 -1300
173 -1643
53 -384
20 -197
25 58
4 219
96 80
21 -130
188 -1333
68 -574
169 142
190 -1098
69 -588
33 -191
28 62
186 -1123
19 16
99 -580
9 -55
160 -612
82 -613
21 328
49 -215
50 -10
116 -1083
2 -1902
68 -54
135 -1216
55 -455
183 -691
174 -994
58 6
17 -53
47 -421
132 -1033
7 18
1 888
184 -148
157 -587
90 -176
138 99
115 -35
120 -1134
167 1287
180 -418
47 130
45 -1080
174 -833
76 -86
102 -580
158 -1089
162 -930
188 -1147
61 -96
194 -21
54 -236
197 -1275
55 85
78 -770
29 65
162 -493
174 -1986
94 -320
25 -223
183 -483
180 -1399
81 930
101 -791
32 -234
163 1950
124 -1006
13 -44
17 -12
9 -39
166 -1396
54 147
74 -416
145 1484
20 -26
78 -456
77 -1368
97 -215
37 17
72 -161
111 87
184 -1225
3 -27
185 -990
57 -868
153 -179
108 -986
18 39
26 -1535
71 -514
115 -467
45 -47
85 61
26 -204
40 -76
80 35
131 -430
149 339
136 -34
191 -144
84 -115
34 -125
116 296
150 -1413
121 -1160
21 -129
90 -61
82 213
84 -376
45 -310
68 -357
49 -351
129 -750
174 -1001
10 11
71 156
155 232
50 -1580
69 -511
51 -45
52 -470
91 -717
105 -91
179 -959
135 125
187 -457
46 -280
44 -394
47 -133
90 -190
45 -140
119 -190
156 -1295
160 407
125 67
119 110
116 -257
141 1163
137 -32
104 -668
110 -1713
4 4
119 -1016
31 -257
164 -1056
152 -1363
192 -1851
60 -317
103 -605
30 30
66 -79
88 -763
129 -1154
194 1813
137 -61
143 -547
90 -637
80 -164
164 -216
133 1069
110 1916
1 -9
107 -142
131 -231
50 -117
123 -844
159 -1611
195 -920
195 -1155
167 1807
134 -25
120 -996
135 -861
198 -1131
148 269
157 -1567
14 -21
118 -87
104 123
142 -421
42 -393
117 -898
17 15
64 -612
20 -1462
4 -29
163 1734
57 -538
190 -1960
97 -543
112 -209
31 -143
138 -358
158 425
74 139
158 -724
56 107
125 -111
50 122
97 101
124 -1048
84 -272
100 -1985
57 -350
89 -413
155 533
72 75
199 -1669
139 133
118 -117
33 -166
48 -1764
18 -175
4 -12
139 5
38 -267
199 -1524
155 -946
23 -88
189 196
36 -307
90 -473
66 -371
160 -125
83 126
152 -694
152 -1401
195 223
72 200
31 -127
167 693
78 901
167 367
136 -529
165 191
17 1
52 79
106 -865
140 94
6 -38
22 -70
177 679
141 -1377
43 121
105 -857
95 89
149 -997
117 -500
134 -801
136 -1131
36 1929
30 -612
181 -1343
164 -829
26 -162
67 1892
89 1822
48 -1083
183 -81
127 -1071
20 0
139 1739
17 -30
92 -49
157 299
165 113
179 462
140 -14
81 -638
178 -306
17 -56
186 539
67 -435
41 -267
20 38
67 108
173 -1229
72 29
20 -1065
157 -668
163 -1616
26 -172
29 -226
113 196
111 -137
79 216
112 -263
182 -212
31 50
138 265
168 1986
32 -254
5 -29
119 -518
195 573
50 -74
185 -804
116 -147
98 -273
131 -1123
90 502
127 -1169
141 -149
135 -160
17 -33
86 -847
169 -1391
197 -145
185 -442
12 30
8 -69
32 16
71 1
103 -187
138 -82
76 -15
17 -38
106 -770
65 -525
147 -836
48 -126
181 -697
49 -255
185 -1126
86 -711
132 -802
76 -520
182 -1480
6 -1815
138 -533
189 -802
123 -120
198 -388
153 430
169 -859
101 -144
96 -232
85 -763
188 -1656
15 -131
194 540
146 -650
146 -1228
40 -173
75 -350
77 -749
104 286
127 -997
90 -572
113 179
119 -1399
126 -1129
50 1671
120 -793
159 -1324
63 -26
142 -1505
186 -1304
44 -438
155 -1300
125 234
146 14
133 -206
78 -342
33 -87
164 251
122 -1196
29 -249
89 -727
20 -83
61 -578
18 -15
123 -73
107 -786
91 217
61 -276
162 1382
133 -1121
96 -919
165 179
197 -1719
154 -1467
53 153
126 -1192
157 -276
46 1338
93 13
180 -1672
35 -187
124 20
114 61
191 -1558
176 -670
195 -3
39 -1959
12 -37
29 -68
173 -1709
94 -603
91 -545
99 -112
128 -136
163 -425
119 -388
67 -248
107 -150
118 -193
33 -20
166 -646
195 -706
154 -112
35 -585
53 -299
78 -586
130 -144
188 -241
167 -1226
60 -591
179 485
37 -100
150 -1168
62 -237
65 9
81 -234
134 1594
59 111
72 -267
4 -36
131 -1223
93 -278
76 -494
101 -1245
17 -41
147 -1943
51 -296
136 -1276
93 -363
24 -22
21 -19
126 -1244
56 -155
74 -605
70 -579
30 12
129 -69
186 -416
134 -1853
11 -61
184 400
12 -88
68 76
180 1687
6 83
119 -807
48 -245
97 -386
81 101
90 -2
199 313
120 -1039
164 -659
130 302
160 -413
54 -113
179 -1667
174 -148
33 -168
81 -747
116 -546
43 -268
19 198
24 26
196 -70
113 -796
44 698
148 -1770
36 -1376
45 -209
80 -382
141 1558
110 -582
19 -395
132 -752
14 -57
179 58
196 -1404
184 -919
107 -979
181 107
126 -304
148 -368
157 -1099
92 223
20 -5
59 94
163 1232
143 149
94 192
94 -1796
6 -9
25 -135
138 505
4 -4
162 -1011
175 -182
133 -763
21 -67
166 128
22 -98
133 -72
114 -777
62 -385
25 -37
121 958
163 -492
130 -624
167 633
192 -529
155 1903
121 -191
57 -148
117 -1059
37 1899
151 -984
50 -1500
42 -396
53 -528
80 -712
26 -160
49 -958
165 1072
153 193
66 -55
40 45
6 -28
82 159
81 52
150 -1017
173 -1353
173 -1817
38 -253
195 -679
187 -1556
132 -250
27 -112
63 67
27 -191
190 -530
179 -1467
188 -574
39 -431
145 -908
18 -79
94 155
193 -1602
149 -1393
81 282
152 -301
52 -188
5 -25
183 1941
36 -310
85 -7
171 -1028
134 -310
9 22
198 -1579
118 -651
182 -1583
66 -25
116 -1058
111 -170
107 -299
191 -203
8 5
188 70
127 -854
151 -809
123 3
177 -405
102 -580
44 -427
89 -651
110 -167
32 -310
185 -984
200 382
125 -829
63 -4
81 -564
117 -1131
26 -48
197 19
97 -86
153 396
73 -196
125 -1192
183 -1479
101 -1962
138 1501
112 -1008
17 -41
72 -415
71 -515
159 -544
74 -370
13 -52
78 1399
141 -119
71 1
197 -105
171 136
184 -1283
10 -1187
75 1154
1 -4
121 -199
105 158
174 -1265
62 -171
16 -96
40 -25
92 -118
120 -1167
34 -173
102 -182
108 310
133 556
149 -293
68 103
158 -1535
136 354
109 -1794
150 -682
157 302
173 223
172 -1298
111 1112
24 38
123 317
198 -1248
31 -126
49 -35
189 363
45 -131
30 -117
192 -594
93 -429
163 -86
108 -390
156 -478
86 -385
109 243
196 -469
22 2
76 -386
199 -767
186 -247
122 248
86 -230
127 -589
62 -10
126 29
97 -65
81 -9
14 -22
165 -971
131 -1014
144 361
67 -62
192 -683
175 -1233
114 368
132 -1123
151 -26
23 -65
46 -268
10 1755
50 86
143 -163
18 -63
63 34
76 -14
137 -664
103 -344
30 -154
147 -853
27 -114
55 -323
86 -301
191 -75
107 301
119 270
7 -994
104 -24
35 -1115
183 -834
195 1143
32 -262
174 -1546
190 -621
65 -230
156 -235
124 91
196 -914
69 -565
8 -348
182 -73
169 1838
29 -1140
48 889
170 478
42 -86
189 -844
70 -286
61 1866
194 -730
33 -170
139 -1228
150 138
74 608
174 -83
73 -1777
181 393
45 -337
169 -348
22 -955
81 99
116 -543
80 -779
109 157
27 -171
153 -1422
166 -10
58 406
139 -831
184 147
13 -75
149 -813
9 23
120 1709
10 -44
14 -1786
124 -964
7 -19
103 -953
11 23
46 23
31 -244
20 -1509
192 -830
97 -371
158 -1356
90 -856
185 -1063
154 -294
156 -1323
80 56
174 -1322
131 249
83 -386
74 -392
178 447
75 87
124 208
132 -190
166 -1549
25 -58
147 -1459
45 1
135 -1178
116 313
171 -1272
176 -136
196 -1240
172 -1038
135 -325
200 1201
126 368
142 -704
101 -391
102 -691
197 55
32 -225
125 -24
24 -34
157 -1143
27 64
61 -553
164 -776
161 151
79 -1287
92 175
176 -613
52 22
49 37
30 -14
94 -640
112 -720
15 -75
100 -1698
169 172
78 1338
47 -149
59 -498
174 -653
42 -408
173 478
31 -196
10 6
58 -46
185 437
3 -16
175 -1393
142 -918
159 -1173
96 -118
124 1746
134 244
54 -312
43 781
129 261
146 -927
27 -171
172 -377
200 -1304
3 0
97 -707
82 -555
177 -1160
122 -657
12 -53
72 19
104 -859
153 -726
83 91
77 706
39 -317
159 -962
30 43
80 9
147 -709
104 274
154 -172
23 -198
120 -575
183 1036
7 19
173 -564
145 217
185 276
146 168
44 1722
31 -296
144 -1012
69 -525
85 -645
25 -12
138 -833
176 -440
37 102
190 111
64 -102
92 -441
128 -329
200 -1731
101 1094
50 -102
177 503
144 519
12 -43
44 -35
19 -80
17 1076
8 -9
61 -41
180 1560
151 88
78 -157
117 -658
45 -195
104 -853
176 -177
77 1826
128 -943
88 -395
166 -1952
151 1816
181 -349
165 382
34 -171
45 1930
3 -19
77 1008
164 795
81 -370
58 -214
168 -1329
30 11
34 -1851
32 -108
111 -561
56 -242
86 -632
20 -140
167 365
145 -1024
145 -1330
94 37
25 11
95 -448
85 -725
57 168
41 -55
149 -352
27 -68
176 24
75 205
2 -10
161 -636
18 -63
169 -1050
111 198
160 -1570
128 361
170 -36
122 -323
130 -313
87 -108
86 -181
90 -406
100 -395
46 -153
158 -632
140 -881
