5000
3 1 1 2
3 1 2 1
1000 1000 999 998
1000 1000 1 2
112 907 98 80
948 248 490 872
197 164 133 80
629 682 554 533
995 56 67 823
842 439 653 153
619 557 139 401
627 806 435 128
399 74 93 172
189 379 122 35
6 598 5 4
426 239 5 245
587 391 166 290
269 73 61 7
3 61 1 2
140 931 72 58
996 950 988 228
504 89 341 443
663 171 544 249
100 966 52 8
12 11 4 11
966 303 633 699
157 564 139 42
126 76 116 77
963 538 119 738
759 13 689 659
485 461 257 21
170 983 6 150
661 302 448 134
766 246 763 490
333 244 8 183
807 267 231 377
84 306 64 61
592 247 510 76
961 998 388 885
936 207 912 495
486 295 158 175
584 27 154 297
913 897 394 117
71 243 4 30
840 502 345 410
760 1 344 437
383 648 289 152
740 389 478 565
543 588 503 184
522 148 19 463
466 739 306 322
569 924 259 272
355 438 164 142
31 868 24 11
163 676 144 120
55 180 10 51
323 662 135 128
899 706 864 370
826 848 117 379
727 100 572 201
913 160 678 767
85 808 55 41
811 641 626 39
266 99 20 65
78 726 8 61
595 340 236 318
789 997 238 37
474 770 416 446
357 333 47 71
138 833 87 51
857 570 593 636
638 926 450 610
437 658 379 297
51 231 14 36
919 772 716 16
979 755 783 39
835 23 435 724
660 437 517 636
270 831 187 164
762 312 439 416
911 558 174 250
990 608 924 364
41 400 7 31
310 47 25 292
502 273 226 196
13 128 8 2
524 631 150 140
757 948 575 143
543 69 362 214
486 840 102 231
566 695 526 49
28 118 16 5
228 265 41 16
150 690 86 108
221 12 211 115
269 645 81 92
27 217 17 24
906 468 192 391
954 524 915 543
233 192 129 86
480 503 267 222
655 457 607 557
232 779 50 118
351 411 194 340
417 52 187 27
421 780 97 53
481 536 159 56
709 56 5 187
264 620 176 86
840 98 831 112
582 148 159 345
341 915 93 149
738 476 158 288
543 12 411 243
995 563 408 382
734 937 89 372
202 5 37 137
588 3 552 57
330 847 205 304
213 579 53 39
30 279 3 26
360 247 68 264
735 476 22 589
662 381 489 571
645 694 417 210
292 475 126 113
569 255 553 282
335 669 240 266
978 594 304 802
464 873 412 387
836 998 570 198
686 491 551 404
719 81 647 646
703 524 483 448
667 854 5 361
172 340 41 156
161 857 34 76
249 594 35 124
468 605 354 349
825 374 139 239
185 89 31 73
767 755 198 15
862 64 173 170
753 665 198 567
188 471 144 45
385 341 246 128
825 31 200 119
245 114 2 239
71 644 47 1
136 623 47 18
664 77 620 579
372 252 66 263
863 49 16 489
647 709 118 249
38 825 4 32
127 504 104 113
267 36 57 103
474 383 421 215
429 148 16 64
69 22 14 29
398 846 93 143
286 460 176 80
913 625 92 103
378 253 193 205
643 189 637 270
545 776 225 517
299 184 47 177
342 858 115 234
681 460 109 89
286 986 220 6
804 449 790 686
67 604 14 37
714 238 6 376
517 983 394 115
313 786 31 12
114 864 17 88
708 842 630 324
786 615 770 19
29 983 6 19
654 297 161 547
226 94 48 75
906 647 892 752
285 959 149 68
746 19 732 597
972 135 398 842
977 592 372 27
598 57 145 18
254 732 211 70
727 440 653 191
193 432 118 39
822 459 124 651
523 774 28 118
658 503 464 534
862 202 622 697
702 799 212 385
838 177 521 80
888 394 156 689
739 100 664 327
866 573 15 456
137 541 66 54
601 800 270 489
165 191 156 106
785 93 261 327
835 182 271 143
885 535 630 575
88 270 10 78
434 502 210 270
671 58 430 55
11 519 3 9
63 784 57 34
719 151 300 163
538 552 20 96
474 79 193 45
534 381 25 220
750 655 570 675
728 282 355 540
116 285 9 7
511 651 423 225
679 236 79 516
25 878 5 16
458 749 420 433
343 372 67 44
74 331 18 53
372 646 55 280
502 138 175 430
49 291 22 45
495 87 391 229
178 517 111 86
469 647 133 9
68 231 28 31
610 744 39 560
491 846 112 460
355 670 194 205
906 313 183 537
915 544 703 482
632 207 282 138
431 76 295 92
23 583 11 14
876 805 198 66
482 439 231 230
854 107 805 416
587 578 187 262
417 575 123 165
217 35 22 181
695 120 104 49
409 649 388 99
317 685 193 50
651 741 610 630
916 382 147 620
661 530 107 258
478 939 416 474
778 745 280 551
321 37 80 227
254 395 73 101
948 326 252 344
978 516 385 99
303 988 186 232
259 318 179 82
571 36 561 432
974 376 53 313
103 76 31 54
631 355 283 142
246 457 128 94
516 284 361 125
479 945 109 163
956 827 591 152
864 786 463 686
729 117 645 541
963 3 756 491
904 630 716 38
804 268 742 602
103 270 95 75
778 55 300 119
6 194 4 5
373 154 132 120
148 837 108 147
977 550 171 255
805 969 215 582
769 969 315 45
108 961 48 63
52 645 19 4
677 440 577 319
109 963 15 11
466 909 173 315
843 538 146 221
352 172 333 208
541 616 315 330
452 410 219 402
636 362 590 632
40 947 34 32
929 97 198 461
417 549 168 221
441 857 197 344
43 778 4 13
742 529 594 152
640 166 481 274
980 346 694 186
70 922 31 2
394 10 63 291
766 396 294 61
862 447 178 107
353 173 88 178
271 473 262 259
765 733 650 297
538 722 530 203
644 519 168 185
238 936 204 166
225 324 189 110
294 157 103 158
820 95 730 85
959 738 156 810
759 281 698 362
300 147 258 28
815 958 328 687
819 672 506 109
226 678 49 82
12 143 2 5
645 324 74 118
111 633 75 29
321 793 190 147
33 810 5 4
837 901 564 735
140 17 94 25
417 637 85 304
433 206 303 336
257 324 217 246
960 891 531 624
731 542 278 186
761 435 505 733
425 608 71 266
744 423 85 397
338 453 148 122
72 796 69 16
17 709 16 10
938 143 513 452
530 835 443 211
931 999 82 787
976 796 316 307
741 444 15 262
855 208 357 814
959 840 592 763
648 627 574 239
300 599 32 144
343 499 161 339
600 860 354 81
574 330 510 130
40 343 32 17
516 785 204 147
580 427 184 444
111 35 76 36
255 562 169 85
73 633 69 46
788 291 759 746
468 456 342 43
592 986 520 419
731 45 647 86
827 92 703 451
526 699 453 287
70 787 44 21
809 458 381 350
720 57 517 478
250 836 211 204
904 229 43 817
625 722 593 495
877 662 486 730
816 722 451 23
188 332 82 39
779 687 29 690
319 299 286 224
389 125 58 296
342 385 274 98
200 643 37 15
114 394 32 51
189 661 102 138
196 36 18 114
654 141 276 224
162 736 146 60
739 96 653 254
172 539 69 158
841 967 206 557
472 116 171 77
340 892 332 76
71 753 24 53
14 380 3 11
893 294 738 287
829 954 648 132
754 491 11 197
423 65 246 99
272 767 24 83
442 497 297 174
969 730 561 22
165 809 54 164
260 603 145 239
640 498 206 602
362 626 269 124
252 42 179 128
506 662 30 11
354 657 73 322
906 42 171 792
164 541 94 111
760 27 597 162
422 967 218 104
482 984 239 165
301 678 206 185
455 438 446 420
90 403 74 36
222 265 57 161
209 154 163 124
215 852 127 138
118 912 116 67
591 633 565 3
98 303 40 58
952 160 198 192
754 861 376 458
683 748 671 68
275 708 119 11
681 747 361 400
812 463 631 193
617 288 583 260
844 389 48 755
311 364 17 124
650 936 499 354
953 931 646 495
984 730 807 739
291 912 167 106
250 170 117 101
340 676 315 4
436 739 217 321
782 648 623 421
891 356 293 517
116 174 24 11
54 975 6 12
828 802 39 186
841 310 270 620
617 708 379 569
678 314 485 295
363 549 322 88
548 416 277 288
72 119 1 2
715 639 384 528
734 440 602 191
728 73 91 635
397 776 198 138
221 906 157 22
894 868 401 414
285 864 63 100
863 715 780 291
819 291 251 179
721 456 219 264
395 152 331 209
96 811 91 13
256 882 36 1
581 121 82 88
95 832 53 75
766 731 9 321
509 261 123 175
489 5 118 141
244 259 98 158
531 958 97 236
692 627 170 429
930 590 393 84
757 394 734 467
480 202 14 140
41 315 39 11
53 588 11 14
236 439 230 211
44 471 2 1
703 761 657 484
102 665 48 58
704 88 508 612
798 360 642 300
496 627 288 466
930 816 214 384
726 190 154 153
184 782 103 133
280 578 269 262
80 46 21 72
16 508 14 8
424 245 197 208
128 52 84 71
599 43 144 259
149 365 100 74
713 517 239 536
427 209 291 109
892 770 62 35
658 552 484 285
46 36 31 3
919 888 360 75
454 606 329 217
164 719 94 41
194 681 44 51
943 22 634 854
115 857 102 53
779 988 605 52
926 670 672 362
669 951 167 527
124 810 36 37
984 932 306 464
684 815 513 606
410 688 62 58
825 389 609 417
472 939 399 56
624 263 88 137
979 631 817 372
550 925 226 10
316 778 8 165
239 302 69 96
673 622 214 309
554 886 239 352
151 513 142 36
821 756 124 479
476 414 110 427
48 861 28 45
485 336 445 103
313 739 306 18
612 936 140 178
319 163 266 201
983 705 541 11
926 136 16 572
216 652 185 11
552 571 507 327
13 556 4 11
731 206 76 490
203 846 3 67
470 296 443 464
182 90 33 52
961 676 671 478
679 435 175 624
121 260 100 55
250 127 172 216
908 789 872 647
648 9 586 135
176 798 78 132
273 563 81 63
222 879 13 15
773 713 226 42
556 445 496 531
623 849 598 615
336 531 129 35
361 622 160 75
869 49 737 197
476 722 97 251
970 116 610 714
280 222 105 5
326 273 319 15
566 1 251 550
399 680 373 164
817 812 248 56
855 168 382 706
519 255 190 329
634 492 486 385
329 390 324 298
512 749 273 222
901 567 601 480
294 794 38 30
47 668 44 33
519 809 396 102
476 312 414 60
859 668 558 410
833 89 5 174
803 970 693 779
615 913 458 438
684 620 368 371
841 465 615 714
90 415 28 11
766 464 503 142
887 510 119 577
444 752 250 324
965 276 583 381
533 642 319 98
888 886 785 28
969 35 517 72
309 625 48 114
392 488 390 34
746 560 174 312
37 180 13 31
973 511 524 315
656 790 418 422
223 500 35 51
448 93 325 252
54 15 16 42
145 320 127 36
909 242 822 725
763 882 645 294
438 266 58 306
21 518 12 10
946 380 261 318
145 458 21 142
976 447 398 124
154 128 37 33
64 623 20 26
916 459 13 203
458 999 390 213
306 858 304 142
866 669 220 679
260 728 20 91
420 356 163 406
632 100 330 606
546 175 245 337
573 123 372 60
535 318 504 412
552 105 271 208
804 68 347 235
623 836 400 430
347 179 85 274
114 602 45 82
316 632 12 210
366 751 346 26
180 65 105 72
299 141 139 256
436 944 14 189
521 152 266 394
212 988 104 98
389 633 313 148
578 236 268 509
240 998 85 170
580 862 77 335
391 470 150 164
740 828 330 587
257 645 217 229
900 324 366 701
360 280 154 58
77 819 19 52
738 588 335 116
281 663 34 83
379 93 123 50
744 336 362 594
344 418 174 190
127 585 11 2
456 527 335 270
533 612 57 300
445 541 240 219
437 309 162 431
826 518 813 373
917 785 779 228
686 241 4 656
944 681 302 137
985 366 467 887
441 703 270 407
333 265 289 186
249 678 124 38
541 476 51 119
474 977 289 210
900 728 429 32
682 854 145 147
629 613 420 163
154 745 46 13
993 653 339 573
213 247 163 21
112 961 5 69
377 561 233 90
796 954 506 412
847 447 546 359
963 991 915 288
725 107 76 607
483 398 88 29
782 694 623 749
216 1 29 146
11 193 6 1
578 163 83 186
777 315 584 252
183 770 57 74
144 84 128 35
182 977 32 111
840 152 100 15
626 594 548 65
753 528 385 548
926 511 923 826
579 787 158 20
635 118 37 384
850 174 698 562
83 253 3 48
692 760 331 328
384 575 353 289
562 236 371 74
324 530 207 127
413 518 268 233
30 92 19 14
827 778 601 697
376 493 291 35
399 193 12 190
633 15 345 228
492 687 475 295
807 915 756 649
46 785 42 19
360 764 99 280
741 589 399 694
632 901 496 73
713 454 235 123
443 203 84 312
757 551 453 213
297 446 101 129
716 801 414 449
563 330 431 471
872 911 365 444
817 845 516 295
484 790 296 331
164 654 68 163
60 660 58 22
722 86 364 81
518 639 147 87
678 852 573 59
666 45 420 626
941 32 214 938
25 402 16 13
503 195 137 72
22 493 14 18
62 250 35 1
481 605 457 328
448 579 379 359
381 737 36 343
444 429 186 396
696 408 188 171
510 260 350 276
555 827 474 450
268 579 215 207
349 466 148 6
430 320 194 95
802 105 672 142
535 337 403 158
400 330 159 151
552 497 538 529
287 381 137 13
145 224 90 117
303 941 124 206
801 743 758 620
677 95 499 479
199 421 178 145
352 504 248 209
924 430 804 218
414 815 277 247
956 546 59 265
475 797 35 373
841 727 230 641
851 720 325 451
712 726 387 24
463 1000 298 193
301 76 107 191
18 735 4 14
630 26 128 422
966 980 443 545
176 390 30 3
187 732 179 147
981 609 290 610
300 237 7 22
660 928 315 643
550 392 293 447
439 650 397 169
746 682 617 422
677 863 181 568
906 749 513 540
391 437 384 389
853 465 613 545
574 91 563 69
722 184 634 178
365 515 141 334
783 551 411 237
631 769 566 71
647 393 463 429
455 608 103 130
348 653 313 244
377 894 211 361
53 323 51 50
910 723 71 525
363 279 96 19
737 914 147 75
430 563 12 200
140 736 133 8
921 993 111 211
228 33 26 227
220 237 87 176
905 58 874 479
759 989 578 431
98 70 4 36
505 197 54 354
206 849 66 57
43 561 9 30
78 565 69 27
124 79 87 85
667 126 3 411
422 722 393 93
105 672 12 68
27 504 8 1
187 828 87 101
567 292 464 15
154 751 46 61
450 975 106 320
97 379 45 94
188 180 129 72
216 361 62 157
610 854 384 236
121 127 55 33
254 724 58 23
456 888 309 354
250 62 235 53
6 391 1 4
90 326 17 47
480 538 287 398
681 353 107 55
209 473 103 144
420 168 185 367
739 110 541 676
615 765 238 316
340 521 117 168
281 873 240 28
746 933 238 454
637 539 250 227
223 396 184 28
643 27 454 417
776 988 339 410
255 924 219 126
485 524 112 199
804 48 315 521
232 126 196 48
308 641 289 221
230 851 75 110
835 864 333 44
404 507 292 220
639 399 365 111
476 254 375 421
225 210 201 104
984 892 468 614
544 736 320 193
919 367 216 429
767 788 521 614
281 311 181 69
248 307 21 165
770 635 595 15
762 236 131 692
950 443 385 930
896 314 302 18
496 151 100 164
15 221 7 8
759 723 273 757
51 986 19 50
289 412 27 44
836 316 20 786
657 48 195 356
115 189 12 25
369 24 121 228
531 85 405 501
199 513 71 73
780 587 422 651
409 148 82 84
193 592 67 11
464 494 152 229
182 488 124 118
465 398 366 345
846 968 25 522
687 58 312 484
539 571 432 201
945 634 238 853
529 841 112 104
786 894 245 252
605 730 1 195
43 542 22 10
526 363 378 71
322 808 304 226
773 535 390 97
704 960 513 447
590 772 405 336
807 716 569 609
46 660 19 33
667 667 496 444
319 594 199 12
774 890 112 698
722 977 636 501
282 376 242 33
718 349 670 640
987 774 895 330
427 960 207 301
942 484 353 419
422 913 305 74
752 372 477 62
461 301 191 256
882 261 759 145
529 997 419 401
204 659 161 124
682 839 513 237
736 345 646 484
455 812 35 163
162 894 143 124
856 562 63 229
118 649 100 70
812 494 457 293
728 156 691 498
132 211 37 30
355 778 296 195
680 999 631 390
672 968 545 24
923 638 53 576
223 166 109 156
828 49 575 301
535 18 182 230
484 462 114 165
120 691 54 46
581 277 533 64
782 128 743 291
347 843 29 221
967 420 354 826
34 736 1 19
767 577 152 43
963 902 318 854
968 466 546 333
377 930 276 50
819 44 816 51
943 398 146 41
19 965 2 5
742 207 438 355
244 345 123 31
263 602 35 20
564 428 459 261
665 89 339 181
698 16 168 260
772 568 730 572
807 585 12 104
406 934 195 287
178 228 114 68
648 14 605 210
511 535 452 1
233 612 185 106
190 609 28 127
3 91 2 1
250 896 25 133
363 792 117 128
991 548 342 680
167 695 164 135
743 209 299 159
783 525 604 236
573 783 116 49
24 925 9 7
586 829 504 105
136 463 58 73
474 791 270 274
759 637 704 53
374 534 186 283
432 278 313 236
281 120 27 38
832 35 386 489
347 960 191 100
594 24 8 549
298 661 58 9
413 33 150 386
498 36 2 336
838 87 144 763
220 478 97 116
563 308 203 261
915 383 77 620
447 384 226 36
794 229 591 41
613 287 18 330
593 752 160 4
95 75 47 36
795 483 163 701
940 165 19 284
206 759 5 183
78 268 14 13
976 802 233 133
309 822 25 163
871 492 784 473
576 870 11 322
160 859 135 127
12 789 8 3
297 346 12 49
681 160 625 60
434 269 76 160
814 555 448 813
882 321 825 72
164 287 38 161
106 78 87 56
420 988 290 73
339 726 229 315
657 549 596 46
634 26 227 283
622 170 40 517
978 698 520 762
692 427 231 45
993 715 905 82
570 147 275 416
638 458 595 405
87 493 66 68
502 609 23 86
224 707 199 201
732 12 342 89
26 333 22 21
225 924 56 101
797 965 54 614
757 224 174 137
432 708 175 406
90 445 50 58
675 755 614 470
142 826 84 133
976 920 3 781
385 624 344 145
44 846 11 8
83 312 4 26
441 209 273 150
578 755 31 149
57 658 54 50
81 58 44 40
743 788 598 181
473 555 348 207
482 50 467 196
251 318 160 84
584 732 195 259
450 11 21 153
63 396 41 9
765 911 463 37
254 42 16 66
684 794 182 676
847 930 399 632
715 234 303 347
530 167 135 373
494 341 194 357
150 879 3 41
449 194 64 207
771 31 447 93
202 109 113 25
428 456 326 187
136 620 48 2
812 119 231 755
756 365 504 114
958 916 863 380
873 518 870 288
498 168 163 52
852 815 136 8
606 19 566 114
920 118 74 470
746 830 2 672
44 657 36 29
656 440 575 545
445 746 236 373
478 13 132 468
753 969 214 112
375 563 37 26
100 75 52 62
198 895 187 190
720 963 506 78
514 818 452 508
146 994 90 119
778 442 724 131
24 927 6 13
795 390 757 173
916 824 170 167
317 805 313 310
376 518 73 146
446 11 416 293
820 445 519 284
160 151 54 33
149 528 130 138
987 468 654 829
742 281 309 79
643 28 433 344
169 782 125 16
800 659 431 12
704 616 609 415
3 405 2 1
127 85 52 3
425 309 21 140
931 88 907 10
165 891 77 88
356 713 255 233
12 781 9 3
542 175 120 175
879 210 661 470
670 847 293 602
696 181 165 540
974 958 651 973
753 215 115 572
282 982 125 128
326 795 151 31
689 857 48 17
473 534 420 422
922 540 456 639
689 381 90 462
836 265 236 426
208 435 4 158
884 677 697 196
811 242 168 741
376 197 78 248
221 855 34 154
972 655 161 126
441 364 16 277
807 623 53 592
257 716 224 153
472 44 69 428
162 61 134 13
721 547 471 619
3 725 2 1
440 138 68 12
489 90 467 253
440 442 313 46
635 61 431 349
266 38 55 37
1000 354 161 496
34 321 17 33
340 536 169 91
393 907 110 334
293 664 46 10
93 777 51 39
720 115 558 556
250 415 166 105
810 792 774 532
362 897 288 61
928 308 92 22
661 496 561 415
175 134 62 163
715 566 455 682
601 242 140 136
538 693 118 166
668 638 437 421
322 181 280 213
248 377 127 71
190 609 3 6
488 200 453 471
59 425 49 23
508 946 469 373
861 155 401 554
18 899 6 4
43 915 25 4
142 173 131 117
465 643 161 282
136 244 49 47
474 740 183 389
494 87 146 180
836 863 106 152
431 921 276 101
930 814 347 198
470 783 410 321
104 593 34 30
947 981 891 840
922 980 162 443
954 307 809 546
497 637 60 305
297 865 199 264
924 931 161 542
427 271 349 352
547 884 215 71
346 389 303 121
570 559 37 103
394 180 287 240
532 951 423 258
661 785 120 597
353 745 28 116
29 752 9 22
836 137 243 638
364 2 40 195
725 534 90 694
457 586 139 136
156 477 33 45
464 422 78 350
201 166 163 85
5 488 2 4
70 858 46 28
57 300 42 27
473 183 100 289
796 711 6 38
155 731 116 50
802 664 703 419
865 698 763 409
355 428 319 239
105 515 85 104
292 462 246 61
23 462 11 4
946 727 863 472
765 536 370 296
21 749 2 19
934 240 177 266
33 884 15 8
506 211 282 387
767 712 665 337
499 568 402 492
288 555 82 209
4 675 1 2
390 4 147 115
463 182 231 229
291 987 198 67
649 45 312 398
362 981 100 34
866 434 674 689
302 353 207 17
91 281 64 52
172 426 83 110
450 600 399 297
88 621 15 34
499 864 35 437
484 373 387 264
540 296 271 250
674 123 411 499
989 19 906 202
623 743 375 274
478 488 466 96
417 394 254 309
497 954 185 373
422 950 171 318
105 261 65 4
965 91 12 706
947 977 371 369
693 618 272 440
291 230 274 23
828 967 320 32
186 922 174 128
137 117 8 19
887 497 175 740
305 230 1 175
876 535 31 526
480 19 44 199
563 784 505 436
42 862 4 14
918 843 89 114
413 402 9 4
82 183 5 16
72 807 62 31
755 889 738 65
568 634 85 313
41 681 35 38
227 593 162 226
235 508 65 184
849 507 97 198
671 639 153 342
709 226 592 193
55 663 7 50
326 841 10 187
56 371 9 36
707 119 295 534
644 831 316 476
760 983 532 656
615 91 260 375
332 601 121 132
266 590 107 89
836 443 403 50
451 203 320 378
351 866 179 100
197 427 95 114
203 337 1 117
291 944 37 243
953 701 292 288
614 383 162 134
969 44 494 22
809 500 509 607
863 697 435 457
789 511 346 103
196 913 188 76
716 411 25 674
629 596 115 265
106 685 75 96
328 309 167 313
748 963 304 129
175 869 149 137
291 439 65 98
511 629 126 212
463 275 156 242
392 332 342 16
348 837 291 167
931 551 353 205
340 369 325 59
313 821 257 112
739 375 11 393
724 804 212 520
559 292 83 364
801 852 51 591
510 907 259 277
283 210 159 176
55 373 2 5
467 206 264 116
130 791 21 114
760 746 523 18
727 927 454 248
577 174 570 306
932 143 929 613
226 194 110 136
930 759 836 760
670 46 477 131
316 141 254 302
415 566 283 325
210 480 109 86
357 47 308 248
161 145 12 85
917 533 798 416
843 86 360 562
346 743 39 36
110 737 25 19
300 609 179 263
550 498 278 418
216 206 103 39
213 851 149 21
571 614 408 225
158 422 27 145
50 186 24 34
846 361 759 333
785 380 313 232
435 839 204 202
317 380 16 235
446 296 224 435
856 138 134 748
611 971 189 505
796 107 545 168
331 401 290 137
44 484 20 32
371 46 203 151
661 395 649 215
582 307 109 219
260 959 20 158
889 165 357 148
398 605 157 310
47 332 37 8
316 71 178 107
962 626 227 808
710 80 38 535
434 517 81 426
609 34 455 164
901 19 199 622
642 871 465 565
607 435 16 196
585 610 395 229
677 826 149 110
763 763 737 278
957 494 2 429
345 117 188 37
191 867 128 110
961 809 642 731
639 557 356 190
504 926 380 49
719 288 670 275
824 488 366 521
633 878 352 204
220 108 35 193
86 186 57 52
94 735 83 8
923 68 85 266
70 166 44 6
649 326 391 206
401 806 389 346
49 781 45 4
438 292 45 435
757 505 694 550
323 330 80 107
710 560 167 43
466 304 328 17
213 644 60 125
872 28 196 248
866 998 263 604
870 131 118 352
425 589 124 361
998 813 946 751
20 496 10 8
255 247 237 123
422 122 71 65
7 565 1 3
583 150 425 80
686 374 242 221
264 724 74 49
816 298 228 692
45 954 32 30
538 146 56 355
976 364 683 272
512 772 139 263
577 902 199 239
33 472 3 16
83 666 49 44
67 802 55 53
279 809 164 246
552 997 143 271
562 264 8 235
95 237 48 53
429 383 411 93
356 897 238 133
301 81 259 191
148 116 76 11
170 13 49 43
835 146 295 484
515 687 24 505
346 381 9 8
859 625 730 701
878 902 135 468
177 87 90 56
96 209 36 60
417 637 105 357
82 777 3 18
174 809 105 152
765 842 372 280
392 389 68 223
413 851 6 117
939 456 486 294
150 793 16 56
71 318 44 20
935 115 915 812
5 734 4 3
851 263 820 847
419 93 91 187
926 265 669 882
486 165 435 195
189 335 42 2
125 433 95 107
901 346 160 725
193 63 139 78
909 161 598 851
945 592 612 932
738 888 49 157
108 501 77 56
259 982 114 183
50 44 12 34
207 648 170 114
156 231 49 131
19 982 1 7
175 332 9 121
551 674 259 321
966 72 558 282
583 80 491 189
891 191 724 354
965 374 571 24
388 563 223 34
314 702 104 49
995 234 470 89
309 11 65 124
840 855 130 428
864 750 689 576
686 138 519 40
719 10 400 302
490 371 311 337
624 502 616 309
60 238 40 6
980 931 767 668
173 329 38 19
226 470 160 119
581 510 371 133
753 584 646 434
160 152 136 28
771 897 704 390
1000 241 582 402
27 567 5 6
403 931 190 350
544 320 216 86
431 894 202 59
635 223 386 434
944 751 845 903
5 45 2 1
856 907 187 820
227 982 177 107
34 956 8 1
543 85 390 43
649 309 201 391
375 996 371 242
696 450 525 220
721 806 557 244
744 93 596 224
124 166 123 118
499 295 163 48
402 778 358 293
422 763 230 128
66 104 13 16
932 560 755 781
927 828 773 387
280 581 25 164
96 218 73 66
72 793 25 28
810 575 59 172
579 172 549 219
135 902 34 60
935 605 97 759
788 573 109 613
506 217 149 181
840 842 189 797
962 842 799 322
17 547 2 9
850 945 359 529
266 908 240 145
820 215 626 169
365 439 6 76
421 805 215 128
152 67 95 112
585 979 434 317
550 859 323 528
15 740 3 2
609 575 57 455
75 547 13 49
563 858 511 61
393 817 134 148
311 165 45 235
60 236 40 1
524 8 208 317
767 314 540 263
918 665 909 759
483 468 268 349
313 228 41 259
828 670 764 21
774 49 394 288
760 648 72 614
531 20 151 445
709 985 197 296
25 864 23 3
745 904 149 719
322 701 276 266
162 104 22 145
6 282 4 1
941 584 183 227
81 604 23 7
598 295 13 265
566 456 509 15
950 666 65 267
346 600 143 119
785 230 217 382
233 228 16 167
396 970 162 106
893 819 757 640
57 262 51 15
914 8 211 238
783 12 601 548
631 47 300 455
798 173 411 782
484 621 427 179
117 356 49 19
240 733 54 67
54 589 10 26
497 778 299 109
352 169 290 312
58 894 44 14
208 342 149 163
895 316 32 439
914 60 126 169
298 557 47 104
778 207 92 59
861 747 718 658
427 484 275 218
540 701 175 237
729 769 132 565
512 344 318 451
465 791 256 115
44 250 30 19
41 939 34 33
889 763 278 488
923 202 541 586
655 221 130 457
339 382 101 177
411 25 213 211
941 242 729 478
530 116 455 172
935 759 380 499
416 713 369 378
644 883 410 578
57 512 24 44
857 524 764 753
532 454 39 334
24 936 1 16
730 402 487 722
584 281 360 305
151 942 2 58
550 246 118 242
572 241 477 296
443 348 311 152
634 882 247 546
819 70 469 740
591 280 127 472
342 225 260 312
314 518 228 251
628 586 421 54
131 803 6 27
358 604 12 201
919 448 723 508
323 649 119 77
606 902 322 386
186 38 29 32
306 607 204 268
854 64 454 535
718 824 503 648
618 734 80 520
297 637 125 97
769 846 483 173
47 114 3 16
856 905 724 396
239 664 131 238
117 31 28 73
296 199 233 266
934 445 901 39
115 869 4 10
492 658 340 257
420 444 242 117
542 716 18 455
339 469 42 64
67 743 54 64
781 177 497 625
821 233 752 814
873 608 267 119
597 108 530 320
83 125 42 23
698 50 396 444
790 75 95 521
647 893 414 286
625 760 342 457
306 429 9 201
310 216 207 74
701 996 44 226
96 758 33 40
143 639 9 15
510 724 247 160
302 171 68 220
32 788 6 20
511 956 28 422
12 412 4 3
191 552 163 138
811 971 727 27
867 224 519 779
497 250 421 232
168 847 24 112
563 915 85 153
365 28 29 286
60 353 16 48
843 753 808 761
34 106 22 8
15 959 2 7
27 737 10 6
753 395 319 109
965 905 368 567
201 216 17 124
768 357 635 763
428 802 384 47
897 323 570 635
993 134 924 873
758 475 38 48
373 708 280 10
367 799 230 307
262 532 85 134
473 826 293 62
104 699 5 57
663 903 265 523
276 604 175 55
320 643 196 197
27 564 8 17
786 295 611 213
607 534 35 137
91 65 10 30
493 61 396 187
701 456 392 451
83 393 65 54
21 315 18 17
348 317 312 70
136 613 125 37
930 330 550 702
401 31 98 309
559 529 444 437
156 839 15 91
771 362 494 417
224 371 57 39
168 404 41 50
645 869 556 418
344 407 269 231
639 620 319 33
638 800 535 576
302 390 149 234
917 166 312 250
711 541 464 540
173 232 158 49
276 481 151 100
617 548 73 99
997 749 377 262
218 187 45 51
358 490 228 136
993 1000 119 175
352 192 292 111
516 511 483 90
515 326 436 171
475 173 465 261
527 511 262 479
948 21 480 188
418 577 308 147
284 517 58 101
875 640 657 32
215 154 124 95
983 586 594 805
564 88 380 144
509 965 410 212
551 23 430 146
927 38 207 426
95 827 42 17
171 702 16 163
256 807 124 71
332 998 202 216
420 241 134 382
641 844 27 509
118 66 113 38
24 451 1 7
787 149 650 457
856 721 406 624
185 340 87 7
403 187 313 20
319 61 83 236
861 899 712 486
369 910 162 268
826 798 331 188
686 404 92 302
236 257 55 160
564 58 368 197
696 747 379 460
831 627 438 315
205 529 201 185
636 938 92 521
281 744 121 225
261 627 56 122
979 847 820 399
813 895 703 100
839 636 632 716
814 231 24 552
48 806 15 12
483 943 328 236
446 594 65 380
68 857 54 60
603 133 388 419
720 214 517 442
600 36 592 112
371 89 249 102
828 580 137 174
1000 87 556 680
442 847 356 414
23 605 1 11
779 452 528 168
668 230 625 392
837 362 333 763
750 930 135 534
561 2 420 182
944 317 447 570
525 739 74 293
269 186 113 243
240 744 174 22
599 34 315 578
207 553 48 41
946 844 859 437
193 983 51 44
147 367 121 115
435 237 247 169
512 705 58 371
797 423 369 341
214 993 72 29
664 242 126 595
169 994 9 81
538 443 311 514
683 79 634 665
859 522 121 48
156 996 143 151
954 323 174 734
256 864 242 231
635 882 547 515
299 959 285 34
256 793 189 51
877 320 199 617
641 1 368 298
312 882 18 131
99 594 43 62
809 826 700 746
853 674 94 485
869 979 862 330
269 312 143 109
577 237 129 39
638 912 86 112
308 683 302 139
612 396 236 389
539 360 520 9
251 507 109 119
945 992 562 231
457 461 151 109
69 183 23 62
97 347 15 24
225 924 53 177
942 569 743 804
16 146 4 14
106 677 60 24
813 842 767 411
800 398 185 592
64 714 46 28
18 914 10 13
78 261 73 49
828 460 389 30
408 41 63 220
811 971 161 798
845 355 745 684
955 656 358 810
454 729 85 334
715 907 223 529
609 443 133 238
85 250 16 70
865 446 205 835
696 289 272 160
983 278 482 43
276 981 205 267
173 220 40 70
790 582 16 744
591 59 387 189
438 312 412 253
411 244 45 194
770 26 98 295
140 247 14 122
241 839 187 47
12 226 4 6
188 714 168 140
190 299 176 9
318 469 208 82
370 557 90 361
614 177 214 293
127 162 115 113
944 435 398 470
499 155 458 112
586 778 140 126
858 168 548 854
286 506 267 206
218 701 14 161
975 230 772 870
253 816 56 50
591 643 553 515
634 151 272 379
842 140 704 61
129 133 47 22
482 554 53 465
274 396 169 225
303 388 247 55
618 841 503 545
153 315 28 152
789 261 697 560
730 64 658 246
374 249 221 241
410 102 336 286
175 687 60 106
395 429 352 348
633 300 75 327
331 966 329 151
12 791 6 9
222 328 104 121
934 496 739 515
405 171 119 269
61 79 26 23
993 406 560 495
957 754 781 367
625 19 46 416
425 980 72 166
441 65 246 75
818 702 296 349
444 802 438 206
458 166 76 209
33 331 24 12
754 148 515 8
337 751 138 7
598 130 326 232
896 514 343 436
90 937 80 30
634 213 353 65
241 290 90 181
286 329 198 17
751 578 663 597
202 67 175 86
580 125 401 311
877 420 562 358
364 811 317 108
845 571 98 553
950 880 35 428
450 37 270 408
358 854 158 179
550 463 405 381
589 852 23 89
427 757 272 364
459 482 81 457
220 245 34 121
42 211 38 20
565 89 515 445
240 804 83 201
536 616 373 307
15 942 9 3
520 971 288 48
930 601 897 603
205 713 41 108
395 969 110 176
491 424 310 363
604 351 573 593
626 2 378 284
605 238 188 536
524 49 342 386
81 570 25 5
33 37 20 13
511 870 344 213
221 923 135 212
499 382 267 8
333 821 233 141
950 652 246 177
351 978 177 151
301 843 298 33
873 413 498 851
814 927 326 465
280 410 50 66
789 866 328 665
473 788 169 464
708 924 485 126
813 339 736 264
556 441 324 412
976 829 570 387
216 942 140 214
737 563 702 246
262 197 154 193
263 979 84 256
358 978 326 95
634 514 56 184
917 989 633 840
358 259 336 114
54 763 47 18
505 366 491 64
933 877 834 247
205 539 158 40
466 700 29 360
575 919 298 541
948 348 859 760
540 28 395 368
668 641 659 666
480 213 136 323
641 250 74 615
294 603 212 277
832 720 430 819
134 981 133 65
700 119 80 336
444 437 174 369
185 554 160 43
112 784 103 87
304 636 127 106
104 310 101 11
119 129 102 108
783 550 423 430
284 703 218 149
960 568 537 353
965 962 898 151
210 468 158 94
217 352 215 116
627 242 381 363
432 100 174 104
486 84 7 484
469 40 90 46
949 988 513 180
322 311 150 132
912 521 882 320
114 535 13 15
147 266 42 72
611 742 586 166
895 944 265 655
886 220 616 394
117 549 97 44
171 98 18 128
877 786 635 102
359 549 262 145
892 705 126 144
560 569 298 459
785 282 489 520
803 585 217 22
733 570 19 467
537 881 50 13
976 604 429 11
164 556 101 78
770 676 452 346
882 95 262 494
381 968 131 89
750 208 529 618
195 263 64 155
207 115 124 86
210 910 113 46
883 227 731 238
588 90 168 420
902 164 71 312
132 24 71 36
967 132 299 659
784 560 16 125
543 936 230 122
341 545 229 81
913 911 857 545
296 573 63 21
387 590 231 298
233 939 62 163
273 84 89 152
490 58 352 244
821 807 405 502
333 786 250 177
216 642 196 173
325 130 235 219
476 29 472 209
892 479 115 290
919 783 481 398
54 316 31 46
686 695 263 129
886 631 604 273
553 201 23 303
155 509 109 64
267 366 67 32
970 315 221 1
46 858 39 21
233 949 97 47
940 606 812 129
965 470 438 533
191 928 113 103
618 895 57 316
550 542 93 95
863 833 83 2
776 287 150 314
94 827 36 91
520 682 510 156
819 59 730 431
862 634 45 434
356 982 137 136
944 685 244 382
419 566 7 378
634 390 606 247
786 687 566 557
526 726 371 521
164 955 65 41
170 272 136 74
121 103 78 120
258 607 246 138
226 655 195 78
729 745 414 148
735 539 729 119
942 38 889 333
386 415 87 341
978 877 830 706
263 708 144 122
676 37 355 438
821 99 745 379
339 434 31 257
670 69 263 54
700 147 408 122
436 968 107 141
462 481 267 402
872 419 3 96
911 825 613 559
593 959 32 213
92 690 13 20
658 220 581 61
812 343 407 685
362 451 186 67
780 878 422 539
274 377 132 201
539 718 433 131
396 590 373 318
971 388 613 652
715 436 43 42
358 731 187 349
493 536 215 428
257 29 151 253
743 314 566 230
756 168 744 694
477 79 250 355
298 612 152 129
154 193 18 132
475 349 164 6
396 614 172 107
612 317 53 531
493 574 44 362
396 491 296 207
949 254 293 486
791 475 37 694
663 204 19 276
756 408 755 641
985 483 804 31
490 144 485 6
527 768 297 320
288 274 186 48
535 8 338 402
158 373 99 115
740 799 332 367
164 5 2 135
166 349 160 159
84 357 57 77
528 733 259 343
567 70 442 163
221 981 203 63
281 830 154 193
230 231 172 125
727 877 466 53
99 470 31 46
890 936 541 182
91 97 66 23
726 743 336 209
500 363 260 277
318 582 123 304
980 681 238 536
513 402 277 327
453 242 32 392
419 614 47 123
745 6 104 108
412 292 287 4
883 170 272 256
905 22 569 194
648 233 478 420
993 19 801 585
312 445 33 54
458 871 50 81
248 168 127 77
359 961 34 101
918 527 505 385
386 527 252 97
114 87 30 93
609 948 242 428
388 766 150 89
314 543 257 23
46 620 37 25
236 339 75 168
915 167 400 785
810 493 397 269
967 281 744 67
918 855 40 329
345 956 109 56
455 693 27 378
899 68 618 516
94 881 49 40
945 4 922 156
928 159 412 20
265 149 36 235
710 913 518 18
535 466 443 451
596 813 177 244
234 118 160 155
472 778 251 303
605 756 128 229
601 791 6 457
758 218 171 163
292 120 287 194
711 908 420 477
807 402 360 348
5 389 1 4
440 959 110 397
434 214 116 126
117 332 57 76
555 815 440 69
19 507 8 7
740 504 179 651
877 641 734 547
805 786 22 711
744 720 378 676
512 771 493 99
522 529 252 382
591 118 309 143
794 172 155 232
615 928 137 555
302 72 87 244
935 458 671 310
176 987 64 113
933 956 860 466
934 280 752 178
191 708 75 116
30 474 24 4
46 746 24 26
581 949 301 385
437 115 252 156
425 496 270 249
543 501 117 379
182 94 101 59
224 87 179 68
365 122 50 350
118 126 98 32
517 607 505 273
545 92 464 310
107 573 16 18
7 560 2 4
132 548 37 17
246 389 134 166
760 776 750 734
730 197 241 343
69 177 20 15
620 39 26 237
935 838 556 569
695 623 666 152
832 320 179 121
572 750 87 74
928 263 249 406
787 62 472 605
550 729 488 250
733 591 111 433
604 658 2 582
196 648 177 186
619 842 434 80
179 360 56 52
806 595 467 108
270 815 235 266
195 588 42 181
389 868 97 78
24 503 3 10
140 768 131 93
589 617 333 231
452 495 445 374
179 376 35 53
951 778 795 387
417 850 242 271
230 542 176 127
73 338 39 58
705 412 614 465
374 266 329 112
808 394 763 185
883 332 491 473
435 45 336 4
601 901 472 164
144 924 47 14
520 12 119 166
574 453 506 111
954 158 749 650
825 109 734 199
212 382 158 56
640 785 484 550
999 501 841 140
807 192 398 198
456 51 8 144
599 1 391 364
516 938 250 474
802 486 328 373
561 472 514 373
318 575 175 10
733 599 261 119
86 788 31 15
244 459 79 219
687 456 312 131
49 776 20 47
90 574 53 87
941 829 432 384
327 736 41 147
672 472 354 585
717 31 352 165
861 846 740 184
721 571 476 158
221 463 120 188
645 575 391 93
875 859 609 507
968 787 697 415
322 72 63 103
527 628 161 125
648 624 18 482
533 325 99 269
518 118 4 342
332 938 275 169
694 748 431 54
105 939 43 48
506 180 211 406
703 440 395 138
244 760 43 78
579 744 176 326
262 353 256 156
252 62 57 161
690 304 680 518
630 605 91 130
144 259 137 52
346 233 132 325
701 499 626 433
752 279 453 384
125 810 60 17
507 414 202 426
921 239 319 135
817 622 10 706
868 92 12 840
645 957 266 385
897 523 537 744
702 564 618 544
57 214 32 27
207 765 169 13
430 409 383 51
158 382 45 144
424 503 422 377
217 287 138 65
629 730 396 406
17 814 2 9
671 153 135 255
82 645 41 70
232 464 114 108
252 701 180 97
399 237 4 43
893 749 65 239
394 645 117 27
560 446 46 130
790 508 778 367
41 596 27 38
220 961 176 7
745 39 551 8
479 450 134 25
908 617 47 163
621 236 592 478
625 45 426 70
614 451 146 324
278 283 38 254
893 957 725 380
187 639 159 66
862 810 458 473
672 713 657 131
546 866 391 532
838 661 551 233
273 106 165 37
406 482 55 398
590 678 571 538
544 764 192 90
685 935 296 555
277 55 124 27
454 143 327 307
876 591 870 493
96 863 46 26
304 443 190 65
512 7 493 395
660 377 293 653
233 286 164 222
90 784 10 38
566 941 321 338
548 842 416 444
77 528 62 36
788 783 224 308
881 801 204 870
251 529 58 192
212 703 193 194
254 164 22 57
736 19 160 174
679 302 610 625
342 635 289 248
436 200 248 346
324 931 225 65
801 775 424 625
423 276 305 357
683 356 496 518
255 737 45 41
33 206 23 28
566 874 154 474
426 721 390 277
583 634 97 122
788 432 274 180
517 622 362 457
288 91 185 115
340 383 211 37
818 200 240 295
847 862 504 348
45 906 15 17
303 635 56 266
591 835 93 407
97 787 14 10
991 124 329 66
116 482 13 67
425 61 7 353
335 18 297 45
605 581 117 505
777 839 742 345
179 291 8 131
353 843 90 281
354 754 227 272
621 985 383 239
688 601 474 205
619 382 574 327
74 616 48 62
618 463 188 124
293 734 103 221
898 225 367 818
506 254 209 184
352 741 260 151
481 314 466 415
995 481 610 488
953 965 392 342
227 808 152 128
253 987 176 80
365 309 316 116
128 130 18 106
884 399 381 313
304 796 227 38
352 540 81 164
664 5 334 189
68 5 27 35
105 637 75 1
591 234 547 69
413 308 154 276
372 851 311 183
162 130 16 148
337 645 141 156
52 678 38 25
361 378 101 177
848 95 450 543
975 430 22 553
695 233 623 165
48 476 20 30
341 795 122 145
37 815 32 20
432 656 382 55
397 529 39 206
967 240 956 815
549 283 82 481
174 620 98 137
231 522 215 73
746 849 587 735
885 526 594 762
21 854 8 18
358 694 70 137
421 430 67 225
831 300 373 578
483 20 30 367
997 616 71 453
996 497 883 225
428 860 273 284
114 775 32 26
872 490 680 584
184 758 7 35
531 820 201 60
641 92 308 260
313 219 4 115
959 902 382 369
949 391 87 882
897 466 777 56
537 371 527 130
482 846 476 468
220 419 177 47
414 667 323 95
407 526 89 6
437 850 296 24
263 682 237 31
157 933 53 117
400 587 283 198
959 535 731 96
320 590 253 133
873 596 399 749
65 585 20 4
589 835 543 83
412 99 115 342
408 339 8 266
354 793 100 120
463 140 119 54
479 815 97 475
710 941 143 692
114 329 36 10
102 868 6 26
588 936 255 360
701 807 383 100
879 152 257 589
271 419 61 165
31 115 14 17
811 649 281 582
433 362 219 236
43 692 25 4
938 567 349 725
111 577 55 95
560 65 298 155
561 915 157 299
625 912 557 44
612 345 450 34
724 666 456 515
807 310 286 60
948 374 312 198
92 97 61 65
559 632 321 105
143 251 108 99
494 530 111 447
531 377 187 404
196 452 170 105
329 401 6 292
636 730 200 407
633 324 200 387
291 911 118 151
229 803 88 7
484 437 292 341
833 115 770 390
904 467 766 845
461 449 289 344
556 715 225 168
202 578 34 96
814 436 663 190
580 272 485 223
393 421 319 89
991 80 825 673
614 146 437 603
708 851 303 293
903 580 567 315
615 229 229 514
170 143 46 43
289 669 29 259
251 411 153 226
436 889 75 32
90 261 64 37
883 960 384 204
930 636 270 147
324 632 156 242
210 391 35 112
659 711 194 606
142 825 94 130
665 254 78 531
92 499 90 20
465 882 284 366
435 393 51 64
122 792 58 44
116 148 115 73
741 166 372 260
510 918 468 7
881 291 417 28
256 637 28 132
847 127 303 757
563 401 283 122
169 136 35 150
202 547 91 182
46 113 15 36
222 766 210 160
787 20 20 138
784 711 225 475
376 857 242 60
351 439 308 303
886 108 506 109
454 252 165 194
689 878 58 242
556 637 227 94
532 293 457 356
531 861 183 512
997 509 28 25
459 261 116 191
80 412 72 52
27 379 18 19
433 711 87 302
962 263 851 504
24 828 3 13
170 402 155 57
815 329 53 208
59 306 33 4
512 685 272 21
470 299 44 272
182 47 165 112
271 194 219 258
669 282 659 56
534 489 75 485
780 304 636 180
283 43 85 52
185 50 132 62
145 955 9 102
383 457 230 341
290 836 225 49
230 113 59 201
923 836 316 832
489 990 388 20
698 70 667 640
330 252 56 182
817 988 705 415
853 64 520 578
530 281 470 249
755 938 547 506
853 842 167 195
191 774 154 64
102 803 61 74
552 926 408 452
928 662 575 432
165 558 71 164
972 327 487 944
236 272 124 215
249 858 2 223
692 420 409 64
200 535 17 33
932 274 406 85
25 225 18 19
88 941 30 11
459 386 151 408
950 592 441 726
186 326 113 63
177 684 155 118
590 751 546 493
216 647 13 95
357 244 224 54
54 802 42 32
939 757 626 793
318 679 229 18
519 781 424 145
350 11 98 148
8 550 1 5
509 670 413 71
165 332 8 23
549 935 185 59
627 866 435 151
487 208 56 5
976 175 334 817
828 958 726 451
72 743 49 17
108 982 41 67
913 436 211 253
566 775 414 270
594 543 205 118
477 826 87 382
253 678 195 70
505 878 234 78
284 60 88 266
627 163 537 336
48 957 45 41
3 929 2 1
973 232 222 537
399 152 63 263
569 653 546 288
904 876 198 347
759 280 108 689
891 702 746 364
589 646 99 229
528 906 457 189
945 369 841 378
824 391 187 579
737 308 516 437
571 288 17 399
788 660 83 622
292 883 16 199
218 224 2 44
171 927 148 138
719 520 515 602
806 468 680 260
381 493 329 121
389 5 81 384
291 276 143 250
838 869 644 721
286 268 13 155
786 40 64 20
774 56 358 78
133 279 25 130
480 705 308 396
194 495 5 184
496 367 414 398
793 963 459 567
432 915 53 301
764 200 5 385
783 28 528 161
625 514 522 30
975 552 583 720
170 639 69 49
559 867 199 69
217 575 77 202
107 279 75 76
272 208 78 12
7 400 5 6
508 835 352 480
886 106 490 781
206 704 179 177
273 924 186 27
94 946 43 77
98 727 71 19
749 72 233 23
606 469 228 144
924 649 370 701
682 455 336 382
94 390 41 7
574 423 545 300
434 24 249 362
958 817 674 939
344 820 88 334
575 986 258 470
540 355 508 154
701 62 472 470
658 489 251 640
279 304 181 262
917 854 437 864
760 408 333 104
522 89 39 93
62 119 13 39
745 226 126 41
980 321 249 118
771 832 755 631
155 489 35 39
262 845 24 156
476 283 178 406
846 847 273 17
494 508 339 432
238 5 179 224
129 485 23 30
80 837 17 57
469 608 150 310
136 909 105 121
980 765 787 922
477 936 399 264
367 270 16 124
438 604 396 247
574 826 307 456
600 991 282 16
103 577 4 48
305 144 89 124
848 47 528 5
690 61 101 525
398 979 39 256
598 963 554 215
25 341 23 2
259 738 86 59
208 199 80 76
240 547 215 136
655 880 440 378
288 677 228 146
414 765 83 162
77 833 34 43
543 440 367 206
582 512 311 382
328 930 188 138
403 283 12 135
96 827 61 28
976 808 750 961
400 353 290 63
41 412 29 22
790 889 347 734
358 164 45 347
726 680 36 449
980 515 817 144
395 448 191 210
703 55 230 158
87 157 80 76
500 400 204 65
428 329 354 2
284 134 222 166
261 713 62 26
823 960 50 54
445 934 103 306
938 525 22 369
267 426 174 238
513 102 163 504
44 577 34 25
72 408 68 23
113 827 79 51
330 654 123 148
525 789 250 235
71 156 47 65
534 122 475 452
589 18 54 516
185 835 12 96
327 597 168 35
854 880 815 101
466 87 287 83
6 891 1 3
979 511 939 252
938 877 804 190
774 198 43 501
985 678 512 646
600 991 473 444
706 795 473 460
606 524 480 433
814 655 549 758
5 148 2 4
576 837 437 233
926 172 525 111
85 90 4 40
269 881 195 64
25 453 7 20
182 476 143 131
594 856 164 79
205 30 122 162
286 222 200 153
977 211 721 137
607 108 24 185
886 690 770 49
64 466 14 6
791 423 13 77
809 877 709 234
964 958 264 595
715 519 251 115
435 805 226 416
761 847 287 300
438 829 84 16
414 67 39 195
905 705 282 397
353 958 270 267
502 644 31 26
828 633 590 682
576 383 321 155
443 308 364 102
268 167 79 195
35 138 2 1
636 213 106 287
539 203 155 322
489 497 417 72
611 788 304 478
98 956 10 14
323 637 211 232
463 495 278 119
618 881 287 479
796 200 71 401
115 672 1 109
20 317 6 2
138 295 98 134
603 513 60 405
561 266 327 55
660 852 434 197
693 907 221 10
577 928 153 61
81 549 13 30
583 124 435 372
21 682 16 13
84 373 77 76
228 555 25 36
823 92 310 519
673 468 580 193
561 164 269 137
558 481 488 283
752 635 514 349
986 542 163 929
72 687 13 47
869 959 571 103
654 199 5 237
912 212 764 336
19 524 11 12
58 979 22 43
519 259 41 264
698 135 98 622
783 456 79 275
92 674 64 79
466 956 240 434
966 422 746 72
696 114 180 375
242 992 19 166
939 353 367 446
541 940 319 87
329 489 231 272
588 482 313 228
298 892 29 80
416 926 373 53
671 477 257 312
949 283 653 531
769 984 392 425
199 642 143 45
493 497 156 424
575 505 111 366
653 6 624 230
825 573 640 146
834 342 243 399
446 748 39 345
439 467 328 295
109 860 57 35
633 204 410 103
524 670 403 194
357 233 93 286
795 244 699 282
998 785 486 677
146 774 6 89
927 604 188 431
540 642 459 316
21 988 10 5
330 367 119 23
871 581 181 177
698 271 657 271
168 147 162 26
439 844 277 173
737 522 341 310
474 319 435 431
550 642 32 468
264 624 154 34
478 639 196 146
734 433 633 711
229 461 19 143
790 511 127 712
645 687 152 224
889 796 827 63
60 819 53 21
52 975 51 27
294 227 169 123
555 162 101 113
12 853 9 5
338 858 208 74
559 94 319 529
363 553 333 236
449 892 163 172
844 989 722 446
657 535 457 361
950 655 622 502
544 956 481 169
348 324 114 303
977 24 818 970
762 877 229 167
980 569 212 703
903 326 292 713
336 280 41 145
309 216 36 106
409 170 112 184
301 449 197 114
424 359 20 379
789 13 377 406
86 215 75 15
158 209 41 93
329 719 305 15
508 529 203 7
680 47 528 262
459 245 295 340
105 833 76 13
680 765 361 90
883 935 796 118
14 936 1 8
267 924 244 114
424 85 100 73
551 948 147 25
120 957 81 30
864 657 151 172
511 283 225 473
787 384 522 360
784 943 428 95
365 156 145 6
448 365 288 55
522 269 479 396
739 991 472 382
500 741 197 8
509 468 459 443
716 550 697 271
893 53 656 63
775 112 238 36
532 902 353 216
112 275 32 80
548 400 125 347
732 520 125 385
479 966 163 64
944 167 445 800
623 559 368 483
41 801 11 10
277 508 157 128
48 37 24 46
519 138 13 328
161 755 106 147
582 658 517 440
860 600 509 564
749 719 69 173
798 807 129 513
876 370 547 220
947 471 586 659
702 508 434 206
280 323 200 184
326 554 147 55
616 922 1 387
632 425 288 501
363 521 344 242
143 585 6 89
975 835 407 254
261 724 185 88
791 350 31 358
128 913 14 23
518 785 393 90
831 563 580 641
417 475 358 205
915 27 639 119
694 223 336 120
341 514 3 285
346 856 337 139
660 606 212 20
830 302 421 284
226 520 117 175
413 129 191 253
856 3 790 452
472 51 404 208
95 138 82 72
313 941 34 272
495 128 388 172
867 601 266 820
28 737 6 18
882 323 130 777
648 444 232 450
196 312 63 65
433 997 229 50
263 438 223 219
961 377 491 577
987 824 322 304
664 689 177 182
899 488 257 806
851 537 40 226
232 719 36 176
115 374 112 92
678 754 500 473
638 776 472 3
261 172 26 151
134 171 6 129
736 788 515 370
196 852 160 148
488 900 125 262
10 77 6 8
50 237 45 1
83 700 81 41
828 26 495 121
24 816 14 17
674 982 326 439
89 43 46 52
883 439 66 422
947 46 889 121
393 327 178 317
707 425 217 198
280 402 141 129
971 587 290 704
936 963 306 244
688 830 262 459
20 484 14 10
339 428 297 125
80 902 43 63
599 271 455 82
279 195 197 221
825 951 116 805
595 804 381 578
255 800 240 252
827 827 448 405
206 854 21 119
632 168 251 256
46 667 20 7
255 135 160 8
213 880 10 38
733 930 139 115
925 388 30 64
982 776 330 186
397 629 365 224
10 633 3 5
151 511 136 94
228 174 209 154
503 459 4 150
775 319 617 161
578 207 331 148
131 558 91 86
382 38 99 62
463 836 209 105
58 562 21 10
678 962 129 183
481 334 202 215
864 155 464 77
249 790 46 236
887 211 573 134
413 375 31 265
909 116 518 345
475 256 27 331
491 679 104 443
734 215 411 712
891 402 731 229
755 17 548 693
263 845 20 203
371 534 295 224
866 548 88 171
316 972 211 109
578 109 238 567
793 848 320 755
977 963 892 24
141 31 104 137
787 792 566 770
913 298 459 166
748 968 341 324
955 771 484 846
376 934 32 281
151 169 53 82
735 888 579 419
938 496 418 313
23 640 8 6
816 464 120 207
255 100 9 109
429 914 372 302
10 725 4 3
767 363 439 327
370 533 143 347
807 851 540 585
429 661 2 288
110 31 74 69
960 456 885 419
575 45 133 528
769 220 676 237
80 260 3 15
155 221 7 129
490 422 214 41
578 229 332 115
125 14 102 56
51 143 46 39
801 656 509 108
697 656 216 529
733 59 356 187
537 398 463 398
751 478 115 604
836 363 100 618
942 973 445 831
107 554 34 57
30 788 23 29
408 118 245 248
147 320 40 85
600 210 94 171
449 701 255 412
848 78 194 554
8 762 3 5
517 593 370 42
519 761 11 256
552 398 497 390
620 362 513 531
378 568 290 225
407 132 382 96
400 707 367 203
177 498 68 43
968 161 162 325
295 317 178 114
392 176 93 273
323 888 53 194
845 359 300 619
250 959 179 2
807 232 687 517
279 544 147 111
182 31 93 23
583 901 250 280
760 793 157 715
740 475 109 114
627 323 603 69
319 31 109 304
860 18 637 148
413 205 261 117
897 912 32 221
913 125 736 160
677 594 140 424
745 628 290 541
492 754 14 267
496 4 197 329
331 717 173 55
31 307 13 29
757 197 751 371
551 839 472 442
390 826 358 38
285 730 245 130
799 383 430 592
284 919 266 41
546 513 167 13
560 999 326 60
631 909 574 150
83 97 39 45
298 105 22 230
17 190 16 13
401 167 143 262
222 413 92 169
661 870 140 48
324 746 252 173
289 16 130 185
943 202 823 456
248 369 84 44
870 943 579 142
655 503 84 542
149 267 118 51
106 950 58 55
917 883 353 497
957 810 386 111
45 440 4 1
176 859 8 41
121 320 7 54
242 990 124 20
944 481 54 527
922 29 594 780
439 922 297 277
912 686 591 303
127 623 12 9
269 922 230 178
855 496 285 693
580 813 240 454
753 892 724 314
556 989 377 73
222 782 19 139
49 922 47 7
660 200 308 321
117 876 77 90
132 367 66 128
718 37 473 529
661 248 150 640
170 503 132 133
90 429 25 34
602 928 375 334
484 623 242 9
584 741 543 379
741 496 505 198
173 194 118 105
223 63 92 121
827 98 530 772
64 663 5 35
897 48 287 70
456 498 188 142
930 38 589 737
169 281 22 105
262 147 211 148
671 297 196 545
792 171 472 625
386 328 246 343
914 375 441 778
314 921 138 103
838 416 730 64
434 491 373 137
88 248 17 53
274 840 132 115
686 646 443 430
668 463 322 233
305 222 297 60
305 773 225 196
838 30 770 598
27 313 21 10
216 356 12 110
727 29 105 371
773 357 59 440
555 777 158 493
832 556 447 490
870 291 573 270
760 293 666 173
569 671 229 116
621 760 570 545
648 416 201 239
496 936 444 169
286 624 167 36
172 422 124 93
590 496 502 483
606 882 514 565
875 331 646 345
334 582 33 314
809 40 307 81
497 968 110 406
17 418 10 2
73 2 53 54
109 354 32 77
353 618 261 99
713 992 437 222
833 332 227 58
817 718 90 345
341 159 210 75
102 239 11 68
901 25 523 789
616 63 310 218
192 457 141 173
439 283 284 147
464 340 52 129
831 687 724 713
478 173 280 248
216 764 10 66
708 317 121 483
75 873 38 13
883 46 280 525
385 111 46 78
299 443 38 117
350 365 23 63
944 671 126 857
322 749 227 133
608 507 104 196
893 32 178 128
554 652 540 49
436 985 98 59
70 384 2 37
947 78 289 306
748 445 143 91
450 705 130 227
149 657 66 6
516 20 61 104
669 836 154 532
701 981 152 200
18 826 11 14
843 502 279 52
280 150 38 210
654 454 26 548
408 267 149 231
300 62 219 58
671 547 95 387
325 846 32 67
479 527 408 335
736 215 192 561
490 923 71 73
752 325 377 185
699 455 418 410
100 659 73 53
497 33 17 276
261 500 102 113
811 439 502 678
53 215 3 5
192 955 48 183
593 91 222 277
623 743 494 208
905 38 55 797
160 711 20 91
339 829 243 319
56 490 12 54
836 837 573 423
655 393 118 215
943 463 783 841
237 144 6 101
283 373 187 188
389 769 178 49
353 214 305 104
659 43 12 180
365 591 279 309
474 712 75 354
100 137 27 7
610 394 505 412
582 62 529 469
208 722 124 57
411 190 236 251
346 241 91 212
620 753 11 366
558 330 144 131
776 588 47 247
298 163 63 137
352 376 272 184
336 552 296 158
321 233 269 276
322 231 277 309
889 674 23 214
629 862 86 112
792 615 738 307
649 527 281 184
764 236 616 348
121 996 23 71
741 923 486 86
241 394 22 79
337 588 44 13
557 533 36 130
639 507 30 185
537 969 42 310
978 791 226 740
170 539 69 10
661 533 415 537
544 888 312 87
765 846 496 500
152 355 3 93
129 261 70 29
715 831 388 514
79 982 23 21
366 808 270 277
616 655 135 302
858 154 535 522
873 75 452 160
629 520 431 537
150 752 85 93
899 526 485 123
284 83 16 167
876 197 313 706
267 414 247 128
648 860 66 496
106 459 26 81
957 248 370 394
450 998 222 341
274 428 7 95
853 209 197 748
465 527 237 151
903 585 158 792
763 222 155 740
942 126 33 309
732 557 730 575
425 53 234 318
704 553 209 545
161 628 30 77
537 186 107 191
28 233 15 26
790 138 256 709
658 147 73 219
995 78 743 349
40 130 16 14
600 201 15 103
29 508 9 22
777 814 186 670
554 527 241 68
555 598 175 529
522 283 292 425
310 879 6 240
32 221 20 29
421 662 289 177
366 453 31 109
184 887 20 68
53 11 43 24
69 363 56 6
504 198 492 227
106 494 94 33
842 650 97 119
809 984 205 506
218 922 206 159
477 221 278 33
34 241 13 25
571 260 111 282
619 748 198 256
94 9 46 50
6 134 2 3
444 495 98 311
166 875 147 43
505 120 293 478
258 664 167 66
653 662 354 155
783 809 617 396
555 581 145 87
376 399 226 58
581 884 420 20
868 101 431 647
272 496 218 113
507 455 103 262
76 566 66 3
470 186 283 374
482 946 143 292
310 627 162 144
744 805 483 383
8 890 1 2
3 409 1 2
443 682 177 314
684 350 12 175
222 795 58 217
840 835 6 653
694 860 622 65
545 701 478 302
490 350 106 98
63 629 18 21
768 972 730 194
589 446 365 241
192 256 89 149
166 638 142 50
731 300 89 15
185 552 116 90
621 393 522 6
811 869 428 83
454 134 388 91
755 370 2 501
467 68 52 53
141 892 1 61
149 219 31 103
174 858 146 111
696 1 442 105
687 589 447 308
869 261 776 33
994 703 923 564
478 210 159 309
495 953 490 384
792 256 133 13
559 370 267 235
704 242 479 255
213 345 74 33
615 981 109 335
728 140 367 181
27 865 3 12
727 64 467 402
368 38 132 323
319 411 58 147
237 834 191 119
218 832 128 140
639 111 65 118
266 265 34 199
657 338 384 57
906 548 16 863
93 381 16 88
277 2 176 255
747 302 15 405
217 479 131 33
700 979 675 617
509 500 461 319
389 892 355 382
245 415 58 204
929 518 439 314
571 302 96 457
895 769 391 763
589 31 344 172
75 231 33 73
626 223 529 169
225 104 196 145
838 522 535 770
401 814 258 61
377 93 53 221
571 794 302 254
406 299 368 243
183 137 107 165
82 168 1 23
973 740 430 132
543 474 60 475
107 517 69 80
226 932 151 149
751 737 87 48
687 392 452 682
752 871 345 201
154 110 57 32
833 554 143 558
243 363 84 153
827 431 102 696
858 648 457 16
922 702 93 451
77 421 70 33
523 971 211 454
304 979 179 3
686 841 443 385
13 909 2 6
933 400 581 244
337 342 193 254
856 177 398 725
545 701 124 543
151 727 18 104
421 608 306 80
39 178 25 11
26 126 13 1
283 765 195 257
610 667 5 360
848 720 568 45
739 208 619 613
226 300 199 92
502 334 129 364
125 481 22 97
517 498 256 83
680 903 540 6
539 870 436 70
131 616 120 41
957 642 204 737
643 404 586 452
677 731 635 419
565 321 143 553
394 623 225 115
669 465 113 265
128 776 11 108
917 172 611 22
483 790 70 85
185 123 129 169
667 971 123 222
93 482 80 44
868 939 446 633
803 151 508 162
684 392 527 15
249 348 162 231
951 907 286 883
401 896 217 234
170 599 16 84
912 584 598 846
453 970 18 369
648 698 161 319
713 78 169 476
663 2 390 225
702 617 479 484
542 665 284 519
47 226 30 45
507 613 243 195
446 855 34 272
210 380 61 117
197 274 163 149
304 781 233 150
991 497 327 173
167 104 160 117
617 635 365 330
359 810 268 153
612 891 317 104
344 498 153 135
438 665 137 225
847 510 289 805
624 516 411 526
223 554 27 106
258 817 81 103
504 16 473 259
989 15 687 976
619 581 56 338
727 267 120 187
673 22 577 358
41 150 20 28
603 944 275 261
682 947 268 658
534 459 189 221
415 49 332 293
339 705 200 331
753 709 297 67
627 257 401 549
814 884 725 668
543 636 257 38
740 843 202 722
75 165 69 23
373 270 14 249
360 137 7 113
918 737 435 712
221 331 202 99
938 784 536 245
815 969 202 547
131 412 34 83
252 826 178 28
482 104 196 60
913 452 685 254
722 520 9 670
844 726 645 713
151 493 5 30
805 136 292 203
288 991 29 69
402 375 305 393
133 2 64 127
28 456 2 21
39 688 3 5
41 159 40 34
299 46 19 227
324 592 12 207
452 225 153 264
428 577 37 98
229 399 68 196
338 471 206 150
710 661 32 505
341 948 187 34
277 803 268 174
750 777 669 400
711 921 698 362
313 791 133 27
783 640 530 526
758 298 591 329
248 282 38 58
655 791 529 492
232 641 222 127
727 409 392 553
965 93 797 705
339 453 62 43
553 173 112 178
388 742 141 331
247 121 101 198
909 911 861 584
839 275 355 483
971 564 358 785
76 808 69 67
832 199 139 371
179 183 76 39
712 486 279 100
6 933 4 5
294 782 160 261
148 974 87 108
459 856 361 152
41 400 17 26
836 152 807 668
122 643 117 22
184 891 85 152
626 217 508 598
658 435 274 637
976 588 49 948
985 356 639 1
783 31 727 139
704 468 649 610
530 649 435 238
419 496 327 272
194 88 62 14
801 960 169 234
741 368 262 714
869 176 838 573
407 288 91 8
893 21 151 164
545 547 28 192
690 292 414 535
236 117 79 101
408 38 227 178
723 872 607 327
298 521 37 292
146 600 83 40
70 768 1 2
544 46 449 90
165 232 120 64
646 737 318 542
884 264 261 424
919 823 270 262
129 370 43 23
605 948 153 57
461 602 97 184
681 892 55 336
763 11 187 737
75 428 21 6
905 457 329 201
942 112 426 816
407 609 140 78
450 244 22 389
740 434 302 569
929 904 547 247
930 286 776 362
723 978 293 179
208 691 173 128
268 49 178 166
988 514 29 792
974 289 525 340
436 652 49 198
393 737 28 365
668 521 197 583
480 827 302 81
17 178 12 15
499 386 405 478
597 500 132 428
328 394 297 107
513 224 218 160
800 453 311 177
99 715 10 58
491 17 237 432
880 804 94 673
135 496 17 41
481 511 135 254
818 224 310 113
985 603 868 806
857 487 770 244
667 915 529 288
299 713 111 33
874 694 288 226
71 959 13 37
525 757 328 84
828 717 444 277
823 91 464 245
577 34 432 114
498 769 132 174
943 189 333 653
168 306 8 165
490 66 314 361
362 383 221 212
937 295 740 721
920 875 820 320
436 61 419 66
225 129 118 141
633 792 369 126
439 933 63 53
910 390 6 808
832 659 9 403
532 664 514 118
272 891 69 9
27 559 11 15
479 738 177 274
943 968 567 279
748 692 434 256
193 133 188 109
199 800 58 70
61 416 10 53
496 902 473 112
910 802 530 764
917 344 257 327
345 870 227 330
561 732 43 273
452 286 22 114
54 271 33 50
542 999 275 143
780 401 378 441
584 503 335 2
492 117 93 283
416 905 259 160
580 936 396 21
562 439 388 406
169 69 54 122
488 162 314 17
408 853 49 400
609 238 319 369
42 69 35 36
659 890 459 536
192 239 35 119
758 721 489 379
654 670 524 309
795 739 323 321
442 556 354 64
827 474 778 455
520 22 427 452
822 242 637 393
343 338 71 50
835 303 211 646
756 250 85 375
355 286 177 108
384 166 297 174
393 543 140 293
730 785 26 580
917 575 827 635
948 513 870 895
661 782 393 407
136 632 116 39
252 543 200 181
652 643 451 109
993 636 446 453
860 628 63 496
534 602 242 306
40 135 9 8
869 11 335 856
751 359 625 662
13 733 10 4
995 173 261 900
160 535 53 136
358 346 228 66
477 441 407 441
319 965 57 209
932 463 18 528
621 924 373 85
550 958 180 232
1000 392 293 393
534 65 186 489
662 301 280 42
567 684 309 252
770 573 412 268
737 764 64 471
815 880 267 781
147 422 9 19
155 130 20 29
120 532 37 57
664 738 329 118
493 191 476 304
977 509 955 445
100 98 43 58
178 745 177 139
990 137 641 397
284 499 200 122
686 5 260 224
750 780 419 329
432 433 33 374
533 440 365 337
23 348 17 20
458 583 3 49
219 571 62 8
968 64 178 692
816 262 11 154
165 505 63 23
929 368 887 158
875 791 806 618
304 724 267 231
890 944 83 198
809 186 183 624
431 912 66 190
573 402 61 346
224 264 1 92
251 486 230 40
668 977 137 424
220 45 56 89
937 593 780 135
946 498 52 721
315 879 193 239
924 930 448 918
927 889 410 603
940 267 190 888
717 800 527 530
425 817 314 241
235 733 49 190
288 180 122 48
120 959 78 30
40 532 24 28
714 718 148 603
278 626 264 95
308 969 140 13
247 520 216 147
436 844 337 410
587 996 514 332
818 855 618 335
124 107 93 74
856 991 535 356
947 505 262 628
467 662 175 119
453 172 437 144
35 938 24 19
713 197 100 342
722 53 133 557
993 168 890 191
158 304 58 93
796 637 636 677
812 237 133 9
954 96 701 308
663 990 508 237
120 742 97 79
986 745 375 349
486 27 210 352
631 539 589 540
571 770 452 446
538 713 410 66
477 28 283 321
877 757 406 418
668 120 30 527
252 576 123 67
868 992 826 89
924 799 20 16
544 599 386 54
925 941 543 839
640 285 326 489
789 877 445 150
568 87 342 286
296 942 215 76
633 238 507 78
819 376 781 408
850 803 332 383
323 979 249 50
54 122 3 6
88 694 28 66
764 245 202 289
134 949 53 89
167 11 85 67
677 855 50 124
282 819 227 267
345 807 270 28
956 322 182 397
459 77 218 251
925 289 844 551
846 404 788 583
594 611 2 15
277 287 104 58
669 267 518 350
783 151 105 509
416 788 78 106
610 715 360 232
78 684 75 7
755 722 604 614
544 773 479 410
253 275 42 156
387 959 165 232
355 785 262 151
641 411 75 628
377 163 188 328
214 70 194 71
556 495 342 414
885 194 487 418
444 709 17 282
703 665 446 38
209 51 196 13
805 534 761 669
306 836 176 100
800 544 265 661
411 366 311 209
606 962 580 574
96 286 76 28
356 768 63 198
768 874 158 211
801 987 319 406
931 391 762 62
490 633 122 329
779 466 433 650
893 426 624 344
768 83 191 576
172 302 53 117
748 294 508 581
590 623 226 98
303 845 93 235
36 772 19 3
82 10 69 36
718 80 21 259
922 7 193 345
590 386 52 438
819 791 413 352
460 564 299 132
24 352 3 11
168 754 79 112
889 856 856 390
678 303 617 318
909 23 232 649
644 954 338 7
143 627 37 4
24 510 19 13
630 771 358 596
918 658 593 781
21 536 16 20
427 51 193 311
633 468 107 576
366 678 299 143
154 368 100 102
613 73 499 222
587 740 488 484
499 178 418 264
104 7 20 51
659 365 602 370
485 277 53 354
130 286 13 100
453 557 62 373
357 656 183 132
428 396 391 169
408 8 201 156
912 522 576 430
930 295 558 43
581 272 167 36
53 501 49 5
285 642 2 122
108 708 100 23
647 161 592 470
995 649 780 546
544 207 268 140
706 267 81 651
311 559 12 137
974 488 384 947
193 745 41 178
182 421 119 25
52 362 6 35
398 303 163 133
694 999 112 465
311 173 50 137
880 493 486 187
648 961 23 50
929 171 606 580
585 708 309 556
687 106 571 168
135 612 38 42
824 304 718 708
167 177 39 66
20 390 3 9
786 15 141 636
115 699 61 50
818 85 352 408
783 276 693 425
629 270 372 524
31 259 15 5
792 456 12 101
321 655 260 29
554 916 7 52
829 428 249 222
773 303 365 315
375 559 308 174
684 405 43 491
179 220 139 25
698 756 145 504
49 508 24 6
584 775 453 167
338 962 85 27
886 183 573 368
517 257 483 426
515 180 444 139
813 890 133 758
263 62 51 161
429 69 49 172
537 430 186 204
81 376 58 14
715 683 321 97
639 267 31 559
694 940 411 268
833 52 638 361
255 938 72 67
8 164 4 5
71 890 22 23
429 261 8 307
833 860 194 537
364 678 25 72
19 654 18 9
847 499 489 639
665 556 209 282
201 577 50 111
576 53 43 283
679 280 499 656
963 82 778 842
87 23 84 39
726 416 677 282
842 552 622 108
229 748 8 162
137 953 96 54
671 485 164 357
518 833 498 403
366 412 299 87
104 168 12 45
675 386 356 522
831 795 704 95
732 805 684 404
465 764 40 305
504 287 287 283
583 353 367 313
64 247 40 28
816 271 365 698
110 960 24 42
226 800 14 172
880 262 275 558
207 280 142 178
124 605 83 27
181 11 21 144
413 885 216 202
655 740 231 625
551 268 56 106
959 444 472 483
946 370 810 486
939 966 384 925
608 452 489 402
28 375 8 12
901 328 796 765
815 165 79 333
870 33 634 163
706 481 176 602
741 718 443 583
609 784 25 388
239 723 11 124
691 541 304 289
226 970 124 40
294 102 163 186
472 489 193 440
729 46 278 475
607 572 56 491
281 846 184 13
939 992 905 743
446 570 233 258
837 603 648 760
818 253 392 395
971 114 623 763
261 404 236 5
690 13 258 6
970 228 523 352
149 75 143 138
182 926 181 146
558 647 218 82
621 554 24 155
707 626 651 515
190 42 186 101
762 277 71 633
406 772 198 134
476 891 77 17
814 82 760 194
692 285 258 32
246 753 96 158
749 482 744 376
812 281 74 369
462 371 24 364
930 882 744 599
775 347 643 366
897 482 583 566
23 276 15 8
674 857 266 384
392 599 78 333
915 678 571 563
349 791 39 276
621 945 234 579
715 216 195 214
412 987 193 361
818 183 721 643
191 825 108 140
749 830 212 265
257 307 75 91
799 897 107 387
808 564 738 287
367 472 359 166
632 224 58 168
448 197 243 296
231 539 38 77
744 410 402 570
626 986 8 289
850 883 166 194
256 560 151 230
743 77 502 144
132 555 69 93
377 781 38 347
655 767 193 108
640 475 50 154
558 748 311 109
248 747 188 160
842 734 96 620
767 221 559 280
333 140 263 165
861 484 83 211
109 675 57 66
328 596 232 278
851 483 312 728
331 238 150 228
365 271 85 65
778 155 53 171
478 577 60 285
955 901 555 653
234 841 124 51
64 164 51 15
840 859 173 178
854 370 473 211
644 795 458 21
239 257 157 21
87 3 68 45
353 724 59 6
548 51 471 374
274 111 164 42
85 748 25 40
901 12 481 261
150 87 94 81
753 99 389 536
387 268 286 336
382 87 302 364
989 907 598 606
39 201 7 5
23 110 10 3
489 232 269 70
811 524 794 643
472 788 389 258
378 720 367 22
692 430 62 377
370 674 306 252
935 668 670 113
183 143 121 141
225 524 190 13
653 262 429 452
107 301 34 86
266 339 203 44
481 919 46 160
24 576 4 2
325 311 68 203
128 639 37 93
788 145 102 29
794 336 397 169
964 137 907 67
329 171 47 155
421 764 19 405
274 26 4 220
12 250 4 9
202 923 36 55
741 599 656 316
59 650 20 16
410 299 6 256
89 223 87 78
131 721 88 90
876 551 838 411
982 267 648 433
362 302 298 124
808 214 632 122
242 173 182 215
315 796 275 11
668 228 310 288
120 253 104 114
530 52 422 102
282 164 250 52
843 600 245 55
226 714 8 29
878 121 826 555
858 346 169 344
197 958 161 40
458 786 102 407
925 211 148 918
303 425 3 165
152 295 120 117
178 921 129 8
589 950 248 65
219 357 208 163
990 994 50 314
25 471 24 23
211 911 125 89
663 245 146 139
577 968 299 306
416 524 121 208
967 149 453 555
873 590 281 379
149 186 142 38
122 581 24 113
108 152 75 96
482 804 465 46
602 899 443 105
230 84 107 114
208 287 101 126
990 756 926 733
617 304 452 93
652 499 641 272
355 843 49 98
283 904 184 160
532 330 194 289
82 831 18 63
931 887 521 343
850 103 659 612
772 974 364 635
672 279 3 139
279 736 216 25
248 371 114 103
440 76 197 309
802 243 119 749
36 10 21 23
469 520 393 98
735 995 475 449
701 991 98 694
316 477 159 124
31 456 14 11
419 285 95 184
245 288 17 72
176 879 131 14
750 539 693 478
276 550 242 183
708 164 453 133
823 119 24 189
348 251 157 327
231 212 115 153
533 755 29 188
195 903 41 191
411 948 121 218
539 647 340 10
74 442 63 62
758 689 617 418
981 785 580 25
584 534 302 19
663 714 46 101
556 663 441 200
832 391 373 755
201 329 45 199
354 200 14 107
941 696 274 839
967 106 180 866
589 297 490 139
460 428 389 160
758 318 443 79
233 525 52 129
923 56 393 777
885 351 64 647
770 821 509 632
340 381 217 23
683 435 631 448
318 506 166 194
290 397 24 195
970 916 99 179
625 331 148 442
733 459 532 714
36 97 11 2
505 13 281 361
909 76 246 29
417 851 179 268
714 668 65 697
793 323 670 114
593 154 387 397
178 258 56 15
665 69 320 271
577 680 104 416
127 229 100 74
708 206 669 331
961 82 823 848
410 604 349 326
855 899 790 401
680 261 216 163
204 522 144 112
252 788 244 5
94 940 8 35
752 86 210 139
843 83 473 226
213 593 77 11
833 532 579 511
160 590 27 80
929 960 595 664
335 987 100 35
145 318 137 56
69 446 37 57
424 26 213 381
808 634 349 790
421 635 123 49
902 726 184 2
256 423 76 116
470 81 352 357
27 219 11 9
786 311 431 363
728 323 551 385
785 173 30 425
883 984 9 291
217 266 13 66
566 882 7 113
181 835 12 153
967 358 297 204
475 642 89 202
227 423 193 125
667 186 491 55
565 230 115 10
263 315 217 24
233 208 159 111
369 934 343 151
868 439 581 457
973 477 43 353
173 88 133 113
737 117 301 386
406 844 268 374
770 997 247 85
627 524 124 433
847 790 155 344
701 559 415 209
229 838 77 165
423 77 81 173
155 486 136 33
665 364 346 270
859 271 172 661
282 111 267 171
637 559 286 297
654 873 333 202
818 845 549 535
59 325 32 7
460 228 125 283
385 845 264 231
589 223 151 165
603 437 437 45
666 676 50 190
836 853 95 281
563 812 280 427
95 536 11 58
452 57 25 80
758 155 612 683
149 429 59 125
52 770 11 18
550 612 479 245
572 331 494 496
268 557 78 189
970 871 886 282
59 912 1 36
988 963 433 467
4 46 2 3
228 400 10 21
940 466 262 568
973 506 740 59
320 838 162 254
630 591 191 589
349 789 127 92
720 514 274 628
958 767 713 662
900 663 823 809
360 945 160 353
904 880 561 64
555 976 472 433
501 279 263 351
520 533 96 415
161 358 134 44
468 55 6 156
535 30 457 241
584 117 188 531
541 378 358 537
233 73 67 199
86 837 3 16
206 878 51 50
713 94 491 526
422 134 162 303
793 923 733 200
829 886 263 267
667 837 262 526
53 878 42 24
23 63 4 6
818 895 705 217
972 101 587 536
616 994 152 298
328 932 9 190
703 906 101 344
430 200 78 22
383 340 86 323
870 52 796 89
144 188 124 93
495 567 124 474
282 643 229 173
42 561 27 12
712 529 4 637
484 276 254 439
597 287 411 353
24 636 14 16
766 449 168 359
621 859 129 459
408 310 165 295
950 941 635 769
545 694 79 260
3 920 1 2
959 15 270 864
806 899 399 781
324 642 18 59
593 184 342 328
561 179 356 273
434 208 65 35
304 164 200 267
896 524 286 787
264 41 206 171
51 490 50 39
545 628 53 299
362 427 200 203
905 629 242 282
978 59 871 278
302 445 277 51
97 643 8 42
983 185 547 626
818 154 544 612
342 114 28 249
40 321 9 14
377 964 154 201
404 27 232 332
642 261 397 139
209 675 201 129
993 857 798 533
275 27 111 256
51 607 42 36
171 737 64 30
970 897 742 260
303 353 254 302
617 383 129 19
30 242 3 18
170 121 62 53
963 544 949 413
111 98 19 9
407 14 130 398
650 779 549 594
137 682 66 23
900 170 286 278
777 876 413 341
924 300 737 583
996 627 136 416
912 619 847 568
338 486 9 58
808 162 230 580
921 709 25 850
613 914 19 33
513 935 341 416
688 173 113 156
43 225 40 38
651 900 88 126
811 987 218 148
284 498 269 273
172 643 138 10
958 441 431 702
901 633 187 561
881 571 749 475
326 163 231 140
220 668 202 196
764 885 653 635
276 895 96 140
897 500 887 492
477 859 175 403
560 81 352 9
555 16 275 428
508 487 240 100
592 955 20 184
515 888 213 501
264 860 47 96
353 294 329 195
517 363 206 144
443 648 207 212
63 301 39 46
323 734 284 12
88 929 58 28
325 816 263 306
525 370 140 438
741 492 460 727
197 761 78 65
179 213 54 89
377 745 327 284
226 508 195 120
247 449 114 1
532 606 399 43
581 933 140 377
759 471 464 297
866 21 645 152
631 133 46 190
389 436 293 22
288 99 61 228
181 26 60 171
569 297 509 253
34 184 8 6
212 101 168 173
609 674 332 74
436 346 157 386
587 959 392 138
143 18 13 108
182 550 105 47
193 570 15 148
153 576 25 86
68 476 34 42
745 870 29 275
833 63 580 348
431 839 27 122
561 990 297 12
855 854 247 359
157 259 60 87
184 4 78 111
693 926 421 576
318 917 255 34
96 385 83 59
46 892 5 27
657 221 195 363
900 663 363 260
206 431 106 87
763 362 174 139
345 32 308 50
382 289 289 228
340 264 267 95
339 819 88 197
848 418 589 457
150 425 56 99
987 742 906 741
403 483 306 198
254 909 74 189
816 378 234 383
28 426 12 20
744 206 649 100
729 804 52 158
26 820 11 13
183 274 155 86
886 444 421 28
272 339 238 52
495 228 357 88
529 297 369 185
398 207 367 123
536 742 221 226
665 696 527 458
633 913 65 132
284 5 145 131
39 536 34 31
294 434 119 48
311 441 200 46
385 659 228 353
258 349 234 121
166 731 129 123
589 738 31 530
722 246 698 685
605 424 603 336
375 726 246 145
484 439 144 136
199 990 137 59
600 473 196 559
192 762 173 26
329 350 12 24
275 364 175 177
15 985 7 13
425 694 46 404
512 512 124 434
449 212 205 174
925 701 594 300
116 833 79 97
452 40 73 385
493 689 486 313
382 180 58 312
79 173 15 29
744 355 596 124
700 421 408 662
877 462 457 610
626 334 245 475
163 851 132 112
873 807 268 820
211 907 93 33
445 318 191 390
686 559 667 213
733 189 331 367
872 791 730 445
146 980 114 29
386 370 103 78
651 699 592 465
158 695 81 94
770 700 387 750
294 614 241 142
769 277 687 20
584 775 482 275
254 867 240 164
959 422 532 593
101 51 31 30
409 59 233 180
734 726 313 227
20 581 1 13
529 346 217 524
686 451 359 156
928 913 84 665
631 872 474 149
312 4 248 287
454 756 132 340
360 732 267 158
432 846 122 108
939 722 452 371
31 966 18 2
324 752 309 116
821 472 74 68
401 661 18 240
51 152 13 2
707 653 318 434
950 847 549 129
856 564 760 375
617 294 197 343
759 31 592 673
344 452 281 123
8 236 3 7
517 34 105 273
543 310 370 444
514 990 177 63
164 334 106 48
293 100 180 75
878 274 293 32
507 307 41 276
110 638 15 32
848 604 381 114
154 177 9 49
646 229 283 213
922 15 771 90
594 456 499 21
15 604 12 13
220 297 94 202
424 468 91 242
283 741 68 28
987 671 623 694
237 956 57 192
742 417 442 245
984 619 86 927
294 663 86 145
141 861 121 17
800 126 521 513
570 627 447 498
135 546 101 71
70 479 52 38
87 766 44 69
520 991 359 190
435 291 65 42
786 483 217 31
156 816 151 82
118 19 100 74
340 636 170 165
749 402 20 653
251 201 183 50
743 661 192 619
210 1000 44 160
936 773 670 368
289 218 121 6
194 334 80 176
989 515 508 979
624 807 579 145
947 682 783 385
877 192 539 458
997 661 492 840
379 736 362 225
667 488 445 290
137 634 3 70
648 258 268 255
914 779 216 505
341 888 306 227
881 472 864 774
352 955 211 169
246 517 86 187
878 99 154 659
840 280 342 299
919 5 533 632
866 607 324 675
564 454 556 150
756 309 5 584
755 598 179 372
622 318 308 30
126 944 31 125
495 131 423 320
639 489 599 272
767 548 627 133
59 78 5 2
506 466 416 287
885 67 372 233
194 65 169 146
504 163 180 259
713 437 406 11
599 164 447 253
29 25 7 24
127 527 85 26
998 83 38 319
780 607 678 495
971 748 646 221
458 686 109 394
958 10 623 659
527 788 177 130
371 727 199 309
296 343 75 157
340 57 311 134
817 697 467 782
726 847 468 32
160 32 158 113
937 646 259 637
233 171 24 5
642 802 25 164
955 25 757 852
667 510 584 610
180 10 69 44
644 904 496 450
367 724 297 225
75 203 13 71
618 99 513 546
202 612 32 22
654 335 159 213
480 868 42 463
902 704 135 746
929 572 736 445
851 680 823 115
291 869 156 60
685 565 430 591
790 466 688 14
434 635 209 242
668 155 497 246
630 559 2 158
546 399 432 227
715 334 117 629
130 958 90 126
116 205 29 48
864 56 512 57
548 500 184 183
334 916 321 263
676 793 232 183
126 793 61 20
140 578 107 62
252 205 159 132
37 289 2 26
61 670 54 46
383 122 331 8
393 555 28 71
491 121 24 188
109 309 27 50
386 92 293 353
478 323 53 368
580 639 147 223
97 143 29 61
886 678 457 397
880 446 186 142
383 91 308 365
749 330 5 537
386 401 9 324
493 942 109 326
803 17 273 649
45 446 21 18
673 831 82 626
975 995 63 659
840 158 524 65
996 5 839 776
481 585 121 240
802 157 724 587
166 566 77 156
361 527 290 125
651 587 142 83
105 880 91 50
842 908 495 23
284 381 41 183
65 817 52 43
618 720 96 283
963 702 8 347
724 47 328 721
677 376 389 594
208 99 45 1
462 492 315 404
51 9 46 39
327 197 255 256
454 331 183 114
518 942 513 368
270 738 63 210
19 818 18 2
581 176 348 126
690 940 598 340
468 296 191 461
744 815 550 362
153 34 112 88
827 270 380 168
101 387 38 72
899 879 171 543
757 611 98 430
976 753 948 175
806 156 709 149
516 303 140 318
88 722 73 52
811 186 458 140
751 965 571 481
912 363 718 624
965 106 559 827
162 103 155 34
762 49 131 184
27 207 13 15
278 798 107 266
175 379 63 49
402 791 115 380
158 395 114 82
335 574 164 192
600 779 286 509
723 819 86 278
227 669 26 74
292 675 150 235
682 896 50 681
155 149 139 26
426 890 221 321
677 77 617 422
41 424 38 18
232 398 120 20
66 594 49 16
242 551 147 78
455 388 265 103
155 875 22 44
758 400 162 42
716 283 583 180
66 953 64 27
828 94 649 121
385 247 129 2
800 274 224 176
148 215 133 14
934 459 323 92
554 863 32 61
233 609 24 155
167 547 138 72
778 531 368 564
41 268 7 38
738 73 79 499
314 8 36 192
714 844 368 483
150 419 146 22
662 136 34 108
534 665 9 11
597 173 402 292
379 92 27 78
797 178 364 320
949 103 16 559
118 816 88 11
121 446 116 14
459 312 209 336
352 402 107 48
231 691 38 179
792 150 752 400
501 699 453 216
555 984 428 50
110 951 31 36
386 359 94 240
108 551 20 84
473 634 216 407
670 69 397 138
146 704 117 54
736 911 584 126
341 385 47 306
793 510 583 730
348 429 35 287
505 109 279 115
418 462 99 371
626 461 577 76
556 35 244 367
884 514 746 503
260 880 169 93
531 19 257 429
15 481 8 13
531 440 502 162
435 924 54 114
475 379 328 282
939 339 337 652
850 990 658 431
538 489 280 154
825 702 18 577
844 419 27 344
504 197 140 425
116 606 96 56
698 939 201 486
277 572 126 204
491 710 429 332
985 914 112 81
991 313 2 150
856 147 22 100
947 778 573 276
427 461 306 344
657 777 225 403
192 978 113 87
266 735 129 248
340 489 45 315
51 7 16 36
29 87 13 15
668 43 506 156
171 34 83 122
716 892 98 154
513 434 56 156
761 865 657 248
971 143 604 56
111 599 103 56
953 325 356 549
291 568 286 230
817 981 451 130
226 402 45 92
514 742 233 114
416 848 158 213
942 8 899 164
382 612 377 85
731 755 199 313
655 856 310 163
142 646 8 100
686 658 306 165
895 502 764 321
473 464 323 403
410 890 42 369
313 84 127 125
940 21 878 494
735 967 279 508
185 527 163 36
274 273 232 1
942 539 748 612
922 717 307 77
822 104 727 216
713 28 439 25
311 394 62 299
434 730 98 249
590 814 374 499
708 340 226 38
630 776 481 527
6 256 2 4
950 717 569 677
235 856 180 73
803 570 391 485
529 520 380 315
650 731 159 518
874 831 29 857
396 18 239 29
725 50 461 376
927 154 846 783
526 915 490 387
868 243 143 672
558 966 169 533
408 498 253 131
714 847 330 632
848 762 346 629
986 629 601 720
898 113 438 638
445 262 29 359
52 82 22 17
53 445 4 26
482 225 469 35
823 738 67 28
794 341 425 487
81 4 72 54
726 439 101 645
970 757 393 846
786 57 494 332
955 530 400 768
140 596 45 48
434 374 431 212
836 994 450 421
461 438 371 145
892 491 53 110
763 667 455 363
571 651 185 369
825 706 312 110
592 541 318 425
840 978 770 697
83 17 20 6
606 258 81 311
871 446 69 517
464 791 451 201
401 159 368 221
903 943 721 690
871 72 848 390
99 730 30 28
676 849 318 199
332 530 42 100
297 541 265 158
29 335 11 23
18 550 17 10
630 354 173 436
161 490 11 6
988 316 262 950
304 511 112 89
87 149 50 21
420 318 405 350
100 448 27 24
525 712 332 391
451 16 34 163
991 554 80 638
117 775 22 86
350 504 116 130
491 168 350 212
589 224 342 221
326 834 313 109
390 755 252 180
300 362 257 107
394 172 345 174
755 383 600 754
442 106 287 155
996 910 462 783
931 445 156 566
54 901 53 7
485 770 309 240
293 615 206 198
948 439 96 817
283 515 123 248
748 659 239 423
882 427 254 200
881 388 8 852
846 599 46 14
714 895 193 135
861 159 632 518
735 893 100 691
877 804 6 787
91 69 39 82
761 273 314 429
949 994 181 924
680 3 405 667
701 719 566 209
853 169 86 645
294 891 3 216
629 66 610 425
387 117 110 111
957 28 642 165
979 674 889 74
632 350 556 508
162 548 31 47
639 489 422 518
352 360 276 265
973 795 322 311
157 583 72 79
732 701 276 3
