200
3
4
5
6
7
8
9
10
11
12
13
14
15
16
17
18
19
20
50000
42280
34799
11296
6672
23008
13677
46284
42768
18959
4039
5618
16969
36180
6002
15913
38045
3606
16748
48678
20255
27871
23134
47453
36927
35428
2155
43359
48505
7189
16224
39987
29917
1022
31731
17036
4477
45405
43767
27692
14364
47803
33308
31330
14432
19757
27690
2476
23361
44435
31602
24063
2755
35183
1965
20129
20610
34565
13487
19114
22201
10158
39549
2117
41625
21279
49599
26549
16683
43365
4241
11494
21618
37546
23272
36047
37750
31409
18971
41558
25844
31020
46068
9046
16202
48030
29173
36809
13044
42657
5923
35243
33263
25919
17807
24887
47195
47853
31884
44325
41218
36122
36267
43283
4117
39986
29329
41864
21394
48297
13872
27685
29316
9939
36729
25965
38417
15901
12774
1460
39005
49142
17150
2717
5510
34955
8052
2704
13257
39933
27476
34922
26054
13742
28204
30168
34175
7533
2481
5569
36277
16350
13701
46041
26287
429
22005
14703
46775
15226
46608
16230
44815
13758
49392
324
29160
7443
33473
42414
47373
10949
27336
3876
5138
5539
14491
39311
43517
16970
25327
29794
13767
39025
6284
40051
19902
8736
35201
47124
23960
31809
