2000
60.00 150.00 6.00 1.31
60.00 150.00 6.00 1.50
4.00 8.00 1.00 1.00
0.00 0.00 1.00 1.00
1000.00 1000.00 0.01 10.00
158.45 747.93 44.30 9.41
339.78 764.47 49.84 8.46
765.08 929.81 72.22 4.52
88.96 830.64 10.54 9.89
201.21 829.66 8.57 0.89
44.46 100.38 67.20 3.34
237.59 315.73 39.81 6.57
164.76 193.49 52.38 1.44
590.43 858.95 70.84 3.43
426.92 448.77 71.88 8.59
42.48 108.79 46.63 9.44
18.57 915.36 92.84 5.03
66.53 137.93 15.91 1.84
268.86 492.84 75.18 8.59
11.45 77.55 38.67 1.05
4.64 38.75 76.00 7.71
75.51 114.75 21.13 3.53
629.37 894.53 5.64 6.85
229.70 800.60 6.29 9.49
333.44 909.40 24.52 7.34
478.69 627.55 12.70 0.40
28.66 50.55 92.50 8.11
531.64 966.35 62.67 5.12
198.41 249.24 2.82 4.00
58.94 449.01 91.04 7.07
77.38 780.45 73.92 4.58
396.23 448.91 24.07 8.32
74.54 106.34 69.18 3.90
44.54 116.02 54.30 6.58
414.55 633.24 58.20 9.60
0.20 4.98 4.71 7.75
109.86 959.52 45.26 2.06
19.84 94.98 79.12 8.96
28.22 232.95 83.54 5.40
230.63 696.73 67.23 3.09
734.01 983.20 0.50 9.23
359.18 445.29 29.33 8.54
649.79 828.61 41.66 7.12
54.57 71.89 14.87 1.42
139.63 280.91 66.99 9.42
247.88 559.92 78.38 6.41
494.77 762.64 1.80 2.91
94.69 96.53 25.99 9.74
69.55 432.45 42.48 7.75
5.17 8.30 56.29 6.92
658.69 659.31 34.03 1.21
80.36 407.80 26.15 2.25
735.92 936.04 91.66 5.97
303.54 702.74 15.89 5.40
313.45 658.96 88.30 9.02
232.77 750.21 62.27 2.67
457.76 967.78 23.93 6.09
203.40 276.53 76.52 9.37
73.32 141.65 30.58 2.99
323.60 386.46 65.23 2.51
645.83 776.87 82.00 3.15
94.77 253.94 8.54 6.43
92.86 179.07 95.45 9.29
154.64 201.65 75.47 2.96
179.29 825.96 72.57 2.51
326.99 843.11 1.87 8.29
319.49 423.13 24.79 9.61
184.55 279.70 95.63 6.59
30.98 710.40 63.25 7.87
212.77 875.49 4.29 8.09
393.72 495.63 47.37 0.81
508.26 684.47 93.76 0.44
93.31 249.24 76.46 5.88
19.04 278.91 67.69 2.05
276.06 337.79 11.65 7.51
219.27 345.99 37.61 6.40
3.01 248.40 47.78 7.42
347.41 836.13 5.50 5.29
74.54 78.82 56.09 6.82
366.47 566.23 0.77 5.49
189.70 379.67 34.88 8.59
42.14 519.06 24.15 6.86
186.61 558.54 37.88 4.54
75.51 170.10 24.45 8.51
139.41 339.83 5.93 9.49
12.02 187.78 34.77 0.13
172.44 191.31 56.94 7.55
60.24 67.72 36.55 0.92
272.94 498.44 33.02 7.51
39.15 101.01 37.88 9.56
140.92 156.46 27.61 6.57
266.79 314.74 45.08 4.59
38.91 487.77 94.07 9.09
329.05 989.44 69.21 0.76
215.26 346.71 1.83 4.44
619.96 910.88 25.35 9.33
869.60 973.30 90.35 4.33
271.41 579.03 97.40 5.50
337.92 467.48 62.07 2.24
554.80 640.56 0.34 8.35
390.22 585.16 67.43 8.13
51.71 750.26 18.89 0.51
6.72 189.80 74.94 0.69
7.87 22.58 73.53 5.90
122.50 485.67 33.74 4.71
22.07 55.60 0.21 3.09
214.13 919.64 68.84 0.22
294.72 996.43 88.56 5.12
454.87 827.08 83.24 0.87
52.07 56.11 1.37 5.93
590.40 749.85 10.13 2.45
164.79 703.62 31.86 9.30
5.42 774.55 17.53 3.68
296.60 460.22 80.29 3.40
158.04 407.02 3.61 3.46
177.33 381.80 48.57 2.41
539.06 611.64 76.79 1.28
298.31 360.95 40.72 4.33
101.36 117.97 46.77 5.12
222.61 261.53 37.93 9.61
46.84 471.23 56.81 4.99
115.09 136.68 38.38 3.71
325.21 349.71 10.68 5.04
293.30 697.64 67.44 2.81
71.42 218.07 4.08 2.55
230.01 985.89 16.87 7.39
304.59 622.67 16.02 4.21
202.32 369.28 47.33 4.05
127.26 672.90 99.03 3.11
324.70 804.72 16.82 4.45
190.95 642.88 13.00 4.05
143.69 213.76 76.85 1.84
15.93 351.69 74.38 7.59
26.98 152.74 68.49 5.42
161.79 581.90 23.14 1.20
83.86 101.94 55.24 8.37
612.24 674.58 11.48 2.84
110.43 118.68 97.28 1.57
340.95 382.80 65.61 6.57
30.40 817.73 91.92 9.43
702.28 850.39 7.01 3.15
270.75 721.04 78.56 2.95
374.69 623.49 17.66 8.97
575.44 672.15 90.85 0.26
417.11 917.69 53.09 6.38
175.39 657.63 97.94 0.45
120.31 287.66 0.53 5.40
556.50 633.01 74.83 3.42
481.84 522.24 86.56 6.81
299.98 384.35 73.28 1.37
13.96 30.31 23.85 2.47
142.33 990.85 76.25 8.55
99.98 280.52 8.45 8.17
181.12 970.24 42.13 7.91
3.76 133.43 26.82 6.45
227.45 262.12 13.38 7.90
16.05 74.02 54.70 8.38
171.16 328.55 93.26 8.87
666.66 845.93 24.86 0.31
311.01 395.31 72.37 5.84
443.04 457.45 14.00 7.70
95.00 250.70 49.12 4.14
16.24 25.80 14.10 7.93
58.34 504.60 35.82 2.15
55.39 790.91 64.04 9.47
47.45 309.03 78.34 4.97
299.34 337.91 18.79 6.75
387.91 631.31 72.58 8.77
502.77 735.47 79.99 6.18
246.40 269.72 33.83 9.05
19.63 232.06 10.50 0.20
231.90 738.91 42.34 3.35
60.93 63.85 12.82 2.90
298.90 327.18 91.38 8.62
118.27 321.36 25.36 6.20
335.00 564.83 4.96 0.31
363.53 811.53 50.01 4.79
621.50 741.07 3.83 3.14
295.08 995.26 36.85 7.70
278.28 924.14 91.05 1.52
62.17 849.07 24.41 6.26
155.34 185.55 4.87 0.44
167.06 389.46 86.63 7.82
38.33 191.65 81.64 6.72
28.79 40.03 11.50 1.11
12.40 15.46 17.76 0.73
667.72 893.15 8.43 7.30
580.62 797.30 68.81 6.38
159.25 230.35 86.15 5.91
2.76 36.03 86.34 9.02
171.69 884.73 6.83 9.91
1.10 28.04 6.62 1.60
153.10 320.09 76.22 9.08
95.02 96.94 9.80 0.10
200.73 212.09 70.91 9.40
176.42 244.71 55.77 8.59
193.46 759.95 54.49 5.99
871.73 959.94 48.52 4.68
92.51 340.80 48.10 8.86
308.35 707.31 63.97 0.93
97.76 636.33 90.00 3.28
16.34 34.15 86.89 6.25
91.13 108.56 19.16 3.28
924.45 961.01 55.39 4.49
28.22 43.85 80.48 3.80
468.69 677.72 11.99 2.05
139.42 647.84 50.90 8.68
2.03 78.30 9.60 8.17
0.20 418.56 74.96 6.24
321.33 926.40 26.00 8.49
346.39 683.14 51.77 7.68
598.60 683.57 92.17 7.43
149.95 244.04 31.22 1.77
60.63 928.65 3.82 0.02
8.14 166.78 58.69 8.62
75.98 296.60 86.78 8.69
312.12 694.89 94.92 4.83
2.50 723.56 83.31 0.24
890.98 966.04 77.91 3.14
106.08 569.24 40.56 3.30
747.58 933.25 98.58 1.92
115.90 341.99 65.45 2.31
385.17 984.13 80.92 4.26
29.08 319.44 22.95 4.35
154.82 429.40 62.69 6.50
306.53 502.28 50.25 1.85
28.92 644.57 8.51 7.34
727.45 825.25 90.63 8.51
243.46 747.86 83.94 3.38
147.67 418.62 89.20 6.28
505.78 737.03 74.06 6.48
163.73 701.30 70.82 4.24
580.76 641.88 74.25 7.69
108.38 143.00 3.06 1.10
216.85 416.14 28.43 1.40
10.55 24.12 63.43 5.51
56.15 98.81 88.89 7.44
225.85 660.25 47.24 7.29
192.54 611.70 53.77 6.53
53.09 81.79 70.76 7.20
493.79 721.59 94.89 8.12
278.93 532.99 79.21 9.15
5.59 9.48 54.06 3.61
186.67 317.23 69.12 6.05
215.75 628.35 33.49 8.61
163.59 763.10 85.90 8.33
623.01 765.51 14.86 0.83
244.60 827.74 98.02 2.86
61.66 494.12 4.49 7.12
367.29 390.82 76.26 3.83
485.23 518.35 60.96 5.59
3.50 11.30 51.64 9.66
174.01 215.09 28.27 1.72
175.42 529.34 80.05 8.38
835.19 917.32 69.20 8.59
473.28 644.01 84.97 8.14
331.08 623.62 65.26 7.97
234.08 736.65 41.80 5.01
283.76 798.85 90.59 0.17
108.51 559.84 49.82 8.46
530.74 690.84 80.17 3.71
190.11 319.26 42.08 0.11
362.28 618.61 72.22 2.64
4.21 5.51 0.77 9.14
0.57 946.61 7.10 6.79
28.36 34.56 1.79 3.42
161.57 215.14 43.58 4.99
65.91 534.58 13.44 8.96
34.57 962.02 72.66 4.82
551.92 717.32 44.92 9.47
165.28 253.03 62.10 8.55
493.61 737.81 87.68 7.96
480.29 892.39 94.74 0.48
13.02 407.17 23.89 5.85
557.48 988.89 24.35 7.00
124.06 151.41 75.95 6.96
185.61 558.42 21.77 9.27
756.10 790.37 38.73 6.93
24.96 210.84 65.48 8.67
14.26 27.19 96.62 3.11
360.54 374.95 73.58 5.66
97.87 451.38 95.02 3.80
84.03 155.47 54.32 0.41
152.29 220.65 47.37 9.08
52.54 705.89 81.87 9.79
167.08 362.84 66.72 3.70
89.85 184.92 85.88 2.12
152.46 175.88 95.22 4.37
125.47 300.86 23.54 5.78
54.54 56.79 83.09 2.28
227.89 337.89 46.20 8.56
668.97 994.69 1.15 4.11
93.69 389.72 23.90 6.09
81.32 367.11 89.78 2.04
34.36 213.34 64.15 2.75
487.43 985.16 67.11 9.56
9.13 18.69 65.33 5.49
372.60 809.17 51.28 0.60
105.29 349.32 32.67 4.02
35.70 54.54 8.12 7.79
380.54 580.33 23.88 0.97
342.93 613.16 63.00 6.51
216.57 516.33 42.78 5.02
669.76 813.52 14.57 5.74
56.32 64.03 71.22 6.73
516.19 691.81 47.32 4.66
420.43 983.48 48.67 1.55
63.37 77.30 9.34 1.16
0.27 979.34 32.12 2.51
450.16 673.88 82.54 3.74
191.06 349.27 18.76 6.32
737.83 935.17 22.05 2.73
821.25 940.24 99.46 5.58
7.23 79.26 0.23 2.75
9.50 90.26 64.30 7.57
134.38 796.21 52.24 5.56
491.38 733.86 68.07 1.27
592.32 842.96 25.01 2.24
6.27 75.89 82.07 4.59
225.48 567.62 37.32 7.87
163.72 397.35 66.96 0.15
176.89 247.04 2.89 7.31
212.81 506.61 68.39 2.84
301.41 531.35 78.39 5.22
63.40 68.47 0.01 4.96
345.80 560.55 30.71 9.97
176.36 195.79 38.08 3.42
70.32 116.86 34.81 7.75
37.48 339.18 17.89 9.75
354.56 695.97 87.06 2.59
45.37 314.98 5.42 6.34
154.12 903.09 75.08 1.57
331.77 357.28 10.05 1.37
221.54 363.59 44.85 2.91
540.27 753.51 49.84 3.90
541.07 985.33 11.64 4.52
88.87 149.91 74.27 5.89
28.98 213.80 11.99 2.31
150.16 407.30 38.64 0.40
38.24 464.72 45.49 5.53
217.32 252.29 66.89 5.89
203.39 296.26 38.79 3.30
76.59 458.16 47.20 7.03
94.46 236.77 31.54 0.21
100.06 151.86 59.61 5.67
204.19 494.14 57.97 4.98
374.51 652.51 75.37 0.76
377.61 573.82 66.28 9.64
349.16 639.88 5.53 6.16
733.94 771.93 49.45 3.62
230.25 259.96 0.64 0.27
100.20 518.98 73.99 0.85
54.28 265.00 0.03 2.68
491.90 868.70 87.65 4.74
136.94 181.61 65.49 8.96
151.83 347.37 8.60 7.26
114.51 891.95 86.93 7.41
421.05 785.45 84.55 8.95
613.04 796.52 32.73 9.03
379.26 644.38 49.87 2.92
270.74 503.81 95.59 2.52
43.60 771.38 57.25 6.53
2.43 673.26 35.48 4.16
547.86 581.52 34.94 7.00
23.35 621.69 27.93 0.68
821.54 985.26 43.14 1.80
181.85 561.15 24.34 5.55
523.48 546.07 41.98 9.90
60.69 87.60 85.93 2.52
687.65 747.81 39.04 4.60
56.32 992.93 32.28 7.98
178.00 282.09 38.50 7.31
452.37 852.57 1.50 7.85
34.86 178.87 83.16 3.55
261.40 720.47 72.61 6.56
911.79 945.20 79.97 2.82
312.53 315.64 55.33 6.98
0.67 36.09 11.58 2.56
168.24 695.89 30.53 7.99
157.15 174.56 8.82 7.14
125.95 798.94 28.50 1.34
194.98 754.93 44.89 8.93
140.66 182.65 69.00 7.86
137.40 195.58 24.19 1.23
455.78 778.36 1.73 4.46
410.29 900.89 70.53 6.80
178.71 620.65 38.30 5.22
688.72 733.58 22.35 2.54
600.76 957.41 73.87 2.35
803.50 826.00 14.79 2.18
330.74 363.27 0.04 8.86
229.93 296.25 33.60 4.62
149.84 330.76 52.60 5.18
1.58 12.12 91.97 2.78
257.84 487.68 27.99 1.28
383.71 677.36 17.33 8.30
19.78 428.21 74.16 7.74
340.36 636.97 89.92 3.77
40.96 936.24 22.62 2.50
310.12 841.19 70.64 5.48
399.56 418.56 30.66 0.69
532.15 909.85 26.99 1.07
198.88 616.39 45.86 7.29
26.07 232.33 19.10 0.55
768.65 781.39 41.81 1.89
114.51 282.19 45.65 8.44
13.49 885.17 14.45 9.89
147.12 751.50 25.37 3.59
546.71 771.81 27.79 5.20
4.06 5.66 6.26 5.59
249.16 973.25 6.39 9.11
90.67 378.79 93.18 0.19
57.47 82.24 42.08 7.96
146.51 266.68 9.91 5.38
45.35 119.49 5.26 4.52
554.98 772.94 31.62 4.77
695.80 877.18 89.96 6.38
58.77 777.68 31.96 0.94
53.94 311.82 83.56 0.62
368.97 390.84 50.80 3.10
522.88 911.69 64.57 8.38
130.57 407.62 57.27 7.12
591.59 762.34 25.15 5.29
51.19 620.17 80.05 0.89
14.85 879.66 7.26 7.35
157.96 429.71 71.80 1.54
240.15 268.09 95.67 8.94
384.78 495.59 95.55 7.30
248.28 366.36 49.19 3.99
482.98 698.10 64.62 0.45
15.77 432.49 95.73 6.19
717.74 773.54 77.07 3.22
21.45 872.80 74.08 2.53
177.39 450.55 7.58 2.17
98.01 228.26 41.11 3.86
219.69 413.22 94.67 3.11
553.65 623.79 17.10 1.90
322.91 613.82 45.86 9.84
540.69 698.50 26.02 2.05
131.80 344.39 88.78 7.20
175.93 377.95 83.24 2.04
168.09 299.28 74.20 7.55
148.83 857.57 14.92 4.32
376.82 578.98 77.42 2.78
37.86 80.47 24.68 4.30
18.16 603.25 4.13 1.76
102.75 739.14 73.80 3.54
749.85 960.25 0.74 8.22
110.35 152.46 30.25 1.75
150.79 201.81 79.29 9.39
32.55 783.25 57.22 2.24
207.89 430.81 28.53 4.81
423.39 456.17 69.10 9.43
39.49 50.76 24.70 9.91
506.49 930.39 73.45 4.17
292.20 524.58 55.90 7.05
466.65 485.17 28.79 0.52
312.96 417.61 73.42 0.87
329.11 992.81 26.62 7.16
887.69 928.78 61.96 8.48
507.83 871.85 71.43 2.62
71.50 231.30 76.04 1.70
159.96 758.12 15.87 6.23
205.15 250.68 23.27 9.39
358.08 821.41 49.90 9.03
833.85 850.66 3.41 7.01
547.87 553.93 94.16 6.24
53.30 112.18 58.24 7.56
292.85 814.19 70.17 5.51
245.41 589.28 70.72 0.94
6.09 22.71 57.16 3.41
76.18 521.85 72.79 6.79
356.29 659.50 9.33 3.70
733.94 745.97 80.70 3.44
158.56 169.77 73.19 1.96
400.94 457.98 29.52 2.19
166.55 924.58 81.21 7.40
51.19 772.91 88.33 5.64
207.09 602.01 32.56 7.39
159.75 389.41 94.17 2.45
146.61 491.52 86.14 1.02
17.08 379.72 27.97 3.02
2.76 5.18 94.97 6.69
41.13 96.08 62.39 4.20
103.58 251.19 25.11 7.63
490.87 559.02 83.26 4.56
367.56 522.41 11.94 1.84
426.09 784.65 87.80 6.18
318.80 436.61 40.72 9.86
499.90 904.26 92.87 2.97
51.99 333.34 99.65 9.44
118.83 439.34 77.15 4.06
79.60 469.13 41.68 8.16
6.79 15.66 52.71 1.60
233.27 567.77 76.95 2.44
726.81 861.28 92.13 7.90
287.85 402.17 41.27 6.44
35.96 665.03 42.92 8.38
67.56 148.99 91.33 8.34
1.06 4.59 5.91 7.25
14.42 334.22 65.41 3.41
283.87 999.54 15.01 7.33
95.12 473.30 83.28 4.59
84.34 220.20 96.01 2.38
473.18 835.27 92.34 3.83
271.00 534.91 25.72 3.91
707.96 877.80 35.76 5.92
727.68 949.02 83.17 3.26
311.08 852.74 60.18 2.30
273.77 857.22 83.14 4.05
258.40 330.64 28.64 0.85
71.15 868.83 36.74 4.11
8.68 25.41 67.93 0.33
53.48 64.31 44.23 5.64
680.82 774.20 15.08 6.75
847.55 885.14 33.52 1.42
831.93 837.35 53.71 4.58
100.20 632.38 88.63 6.55
159.01 166.75 40.91 5.59
420.84 968.92 3.22 4.34
302.53 770.22 18.19 8.06
339.86 791.81 3.70 9.54
936.57 969.42 16.29 8.09
611.15 744.03 19.50 1.39
236.07 407.00 39.48 2.92
292.56 337.06 29.46 3.82
106.08 135.90 2.93 4.83
244.42 348.00 62.69 8.23
32.90 40.78 16.29 2.61
134.00 270.30 62.14 3.25
25.73 129.29 21.34 3.33
159.68 455.25 18.23 2.26
33.23 341.06 65.17 8.13
136.34 176.35 45.47 2.26
41.09 728.50 80.61 6.51
666.92 818.03 58.25 8.82
64.07 151.18 54.94 5.01
63.27 185.05 88.26 4.35
213.65 922.52 87.67 7.78
20.06 240.96 3.56 5.55
126.78 354.14 87.20 0.50
20.63 190.37 6.27 8.88
36.70 144.55 58.90 2.59
565.63 757.18 84.92 8.37
45.60 318.70 56.90 3.77
141.68 583.96 18.11 0.01
471.61 545.28 11.31 6.25
290.73 302.21 95.32 6.36
354.49 410.60 86.85 4.51
300.47 378.67 83.38 3.23
208.79 943.49 49.33 0.69
585.31 686.45 72.57 8.68
380.04 637.60 72.44 5.09
56.82 401.63 55.10 0.44
223.51 823.35 60.21 5.57
19.33 44.76 81.93 5.37
97.98 201.53 19.87 0.21
226.68 488.91 66.95 2.42
177.54 236.07 96.62 2.53
505.15 877.53 91.20 8.67
324.27 825.67 63.75 0.83
32.77 581.21 1.27 4.57
310.21 548.74 30.13 3.51
452.56 480.49 12.40 2.03
62.27 607.85 62.23 6.77
74.04 662.53 92.70 2.13
477.69 772.46 84.65 10.00
65.67 222.00 28.66 1.20
316.00 330.03 2.02 1.25
304.83 674.75 79.33 3.51
673.20 828.25 17.01 8.75
146.03 648.53 90.77 6.39
205.06 625.17 16.67 1.23
49.03 109.18 13.36 1.65
295.00 362.18 95.17 7.71
15.81 64.39 58.90 4.43
534.63 579.73 5.67 4.50
512.33 991.22 78.00 9.49
439.51 957.95 28.23 0.01
636.19 651.43 26.39 6.61
600.54 699.01 27.83 1.73
64.42 79.44 53.37 5.16
694.04 902.69 52.86 7.09
280.35 735.86 25.04 9.12
36.76 199.70 33.61 0.93
270.32 779.20 73.93 0.68
567.27 997.15 70.68 8.59
297.87 748.18 25.19 7.20
348.08 567.13 18.92 0.11
33.41 221.22 15.26 7.44
123.59 311.36 18.04 7.23
176.76 406.89 89.87 0.12
54.55 937.28 24.57 0.01
895.77 962.10 44.20 9.26
282.06 764.15 71.36 5.86
489.57 638.95 23.06 9.61
160.62 676.57 79.71 7.80
243.96 304.80 85.23 6.18
181.84 690.10 26.92 7.00
669.62 709.84 30.64 0.65
53.80 103.76 90.65 5.87
252.83 617.19 88.64 4.88
247.26 413.21 20.73 2.17
423.85 820.03 21.78 6.61
238.15 376.30 57.93 4.63
290.38 359.95 60.80 0.06
592.98 673.44 10.57 6.82
71.04 131.52 57.46 5.29
192.37 823.42 64.67 4.15
452.29 846.45 49.02 9.68
702.05 940.31 75.36 0.35
12.64 40.55 20.48 0.38
478.00 662.12 25.00 5.60
33.99 48.57 99.17 2.03
440.04 500.54 68.84 5.59
53.56 377.96 30.88 4.91
130.73 837.90 69.05 7.89
179.89 475.87 7.56 6.19
446.22 814.83 76.54 5.39
381.08 643.55 99.28 9.20
744.02 902.43 18.31 4.53
3.10 73.57 36.55 7.64
112.14 417.74 33.23 5.71
174.50 222.22 60.62 0.13
120.66 386.66 71.53 2.54
228.23 411.23 78.73 6.07
916.34 925.50 44.97 2.58
380.35 542.81 65.29 5.25
30.30 32.01 59.77 9.12
227.71 728.08 70.27 5.83
583.73 992.24 5.06 4.47
306.50 594.61 38.12 1.29
58.59 722.35 43.82 7.11
346.53 852.23 86.69 1.26
58.61 68.34 37.35 1.16
100.30 102.91 56.40 4.94
208.68 549.72 4.05 1.33
33.18 339.51 50.67 5.28
428.11 441.31 9.75 5.93
170.89 448.41 80.73 4.30
733.99 821.00 94.92 6.76
90.44 474.11 78.01 2.47
517.49 576.76 53.62 9.69
92.86 981.48 78.14 4.73
62.87 153.21 36.05 6.25
195.19 283.51 15.04 4.83
34.38 69.46 24.28 1.41
337.07 499.66 15.70 0.68
164.98 293.05 57.43 0.70
415.00 455.72 36.68 6.02
123.28 714.29 39.22 9.31
91.52 327.33 54.03 4.07
597.43 726.55 63.83 0.07
167.24 740.30 34.90 3.29
196.76 967.15 54.69 6.83
72.29 91.19 51.02 4.26
347.94 808.02 78.47 3.75
156.84 370.90 23.28 8.73
114.80 905.41 8.03 6.28
92.29 843.34 40.34 9.90
45.12 515.63 79.97 9.46
114.12 446.54 92.75 3.70
151.88 464.57 44.04 5.77
28.49 44.84 40.02 6.39
180.42 267.00 43.65 1.43
174.44 697.12 50.15 2.55
144.49 892.92 62.34 6.28
723.04 983.73 69.69 9.37
6.59 33.86 82.35 0.41
44.78 691.53 57.63 6.11
718.70 849.54 11.88 4.39
259.98 260.22 74.29 7.23
177.61 397.40 28.65 4.53
483.03 584.85 60.59 7.78
482.43 863.99 77.57 1.25
434.92 552.62 74.14 6.49
53.67 60.41 30.42 5.48
297.35 395.07 71.58 4.62
196.92 553.20 2.53 3.43
313.52 925.89 4.17 6.82
46.93 58.25 44.86 6.63
431.60 702.16 47.93 9.68
720.08 955.39 40.93 1.54
254.11 836.25 21.55 6.68
386.70 498.56 12.15 3.64
147.07 267.02 1.77 0.23
106.89 157.72 97.18 3.62
112.11 308.13 33.95 9.91
405.52 461.18 36.54 6.87
371.73 411.27 56.55 0.20
518.24 609.93 1.73 6.20
205.66 539.55 6.39 8.12
287.32 602.25 95.27 9.28
413.98 529.27 53.03 7.00
90.83 328.35 34.13 0.01
272.61 278.56 29.91 9.76
9.95 473.90 66.62 8.70
397.95 450.88 78.89 4.35
81.11 84.13 70.54 3.69
347.27 730.91 25.32 3.18
415.29 658.95 65.97 8.23
62.52 317.60 38.75 9.48
2.36 32.69 9.48 1.27
431.57 804.45 14.54 1.88
246.28 605.81 90.57 0.22
67.00 731.34 44.56 5.48
81.18 177.10 2.69 1.54
173.27 619.03 68.23 1.51
320.43 348.57 93.26 9.70
68.11 153.17 2.69 5.88
690.41 968.37 97.14 2.83
364.36 515.04 78.22 4.38
134.43 156.32 4.60 7.67
323.54 938.23 66.67 8.86
174.06 554.79 50.39 3.83
195.35 224.37 78.86 6.47
539.04 852.80 66.16 9.50
363.35 404.09 55.37 2.47
5.30 108.02 8.82 3.08
312.30 727.67 70.97 7.53
3.48 719.32 35.19 1.08
788.61 851.74 99.93 0.06
394.68 598.22 43.88 2.61
237.59 532.44 59.07 8.77
57.99 258.34 18.26 2.44
615.32 821.09 98.43 9.13
42.27 89.63 15.72 7.32
379.37 521.29 64.84 0.63
72.33 525.75 61.70 1.02
917.20 928.90 11.07 7.13
302.17 938.97 13.25 1.42
351.94 704.70 20.18 3.05
55.28 361.05 89.01 5.67
242.62 975.56 38.31 5.21
278.67 985.21 46.04 0.03
31.58 104.21 10.65 3.49
88.18 201.43 34.50 3.86
477.05 624.52 84.51 3.50
372.02 627.52 98.43 5.75
109.61 570.05 22.32 4.63
88.31 120.53 3.82 9.63
182.71 725.77 88.35 0.99
258.33 359.65 44.53 3.87
213.49 935.79 20.87 7.23
214.55 754.55 31.09 2.60
283.64 364.42 6.09 5.47
46.15 76.84 51.22 6.91
663.62 686.61 5.05 0.67
832.25 848.35 30.29 7.65
689.62 714.49 12.15 7.67
84.34 416.51 65.05 2.31
477.26 775.35 53.06 3.43
12.91 41.25 36.02 9.20
265.13 663.23 88.18 3.60
600.86 973.63 14.02 0.25
459.96 976.42 30.92 8.30
94.79 291.43 25.94 9.45
376.37 743.34 7.11 3.38
589.14 658.26 39.21 3.62
515.62 558.04 90.57 2.82
313.58 903.42 32.01 0.18
1.78 32.19 33.77 9.35
479.47 923.08 29.60 3.04
53.30 130.36 51.33 5.32
69.54 648.73 54.77 5.60
192.32 442.37 42.50 4.16
389.05 597.53 97.78 5.58
224.21 700.98 18.40 7.93
508.51 678.42 98.10 4.14
674.73 797.61 43.49 0.71
148.75 643.15 47.26 3.52
113.27 660.61 58.84 2.87
18.87 102.87 28.47 8.78
49.47 602.49 72.93 0.03
130.35 279.68 55.61 4.19
492.69 986.06 12.11 4.50
125.75 851.42 38.63 9.05
85.89 869.08 33.27 2.25
371.15 782.21 49.28 2.83
601.32 806.12 15.70 2.53
284.57 412.25 81.30 4.76
233.56 505.66 14.78 8.87
695.61 751.95 93.05 8.02
134.08 171.40 66.03 6.36
525.49 742.37 98.92 1.46
1.49 13.79 23.70 6.02
80.73 339.72 2.36 5.85
536.76 871.63 18.37 3.90
165.61 589.23 98.65 8.42
42.97 80.91 7.28 6.39
46.15 247.31 97.92 2.24
142.76 468.97 68.59 1.35
123.01 732.11 22.81 9.43
422.59 626.70 68.96 6.43
4.27 10.02 12.28 1.67
225.43 752.87 29.08 5.64
148.73 657.33 64.05 8.25
149.77 304.64 98.15 5.48
204.33 435.15 61.24 7.66
33.33 259.99 79.00 5.63
10.51 324.35 28.58 1.06
346.98 538.85 81.01 8.88
185.23 368.83 94.06 5.24
86.92 850.94 54.39 8.28
634.34 714.35 46.52 2.53
534.55 853.26 61.52 1.95
90.58 104.23 19.60 7.75
687.59 916.08 83.38 3.96
35.42 227.42 18.53 9.80
164.31 172.98 78.67 1.83
943.76 956.31 90.58 7.27
253.85 322.88 15.54 7.25
584.47 826.89 83.29 3.69
4.79 33.74 95.63 1.50
4.98 967.54 29.25 7.15
701.81 940.83 51.10 1.78
238.81 751.59 61.57 4.58
10.05 569.14 66.40 8.98
113.92 303.51 59.76 6.40
559.61 565.43 27.16 5.86
159.71 864.38 99.54 1.65
624.27 655.23 26.67 6.30
835.94 837.40 33.44 1.76
9.68 32.03 37.06 3.63
94.43 417.65 8.20 0.32
485.36 929.40 39.30 2.92
819.24 958.59 59.32 7.56
140.70 637.85 43.41 5.76
286.81 896.90 90.93 5.66
102.11 665.12 1.95 2.53
419.20 937.00 7.80 9.04
683.38 783.41 16.18 1.07
30.48 906.98 51.39 6.39
72.67 125.99 32.83 8.12
628.97 853.23 99.19 1.10
934.26 942.11 20.37 9.02
137.92 149.03 18.19 4.16
332.90 792.38 80.20 9.39
102.50 555.49 61.94 8.91
221.82 296.35 39.98 6.86
9.35 565.99 66.76 5.51
46.67 245.54 67.14 8.78
104.32 855.22 53.39 7.35
47.47 872.41 99.88 4.97
165.82 448.55 62.64 0.95
700.78 738.18 70.33 7.21
3.10 57.85 59.63 4.21
732.31 773.88 84.58 3.40
45.21 554.46 22.43 3.53
5.67 14.42 25.83 3.17
299.28 482.91 94.03 8.85
48.78 216.47 67.34 5.04
447.28 475.48 5.98 7.19
120.45 836.31 34.39 4.17
11.21 35.59 11.89 3.01
306.01 457.12 39.92 5.12
203.75 874.81 38.64 2.76
267.23 278.93 85.93 1.85
377.27 507.18 44.21 3.66
7.42 37.36 88.69 2.85
416.02 505.02 53.56 1.34
60.17 661.51 99.02 0.63
483.31 845.46 97.15 2.60
155.83 434.38 41.23 2.72
334.57 962.91 25.48 5.37
180.35 307.83 30.73 8.54
13.35 18.37 2.19 9.27
163.45 249.98 95.63 5.01
863.47 876.08 59.86 7.60
0.62 0.63 61.75 6.10
171.68 796.79 12.21 4.70
290.38 359.46 67.42 5.91
620.22 896.80 54.79 4.64
158.31 494.83 83.17 6.73
80.20 323.96 95.99 3.95
365.87 466.77 28.96 2.87
473.15 740.78 43.98 1.42
170.19 574.71 51.04 5.03
55.24 328.12 29.73 1.11
8.88 16.66 0.53 6.99
509.33 680.57 45.14 5.41
98.11 104.34 52.13 8.31
180.35 840.67 2.25 7.46
93.96 703.24 13.84 7.55
115.90 247.04 48.97 5.28
272.39 627.04 20.30 5.17
305.53 326.74 69.79 6.93
598.99 737.70 83.91 8.28
186.18 189.14 57.20 3.49
93.14 820.84 85.31 5.05
602.10 684.47 96.02 1.24
470.13 545.78 58.78 6.35
450.50 967.64 41.62 4.69
231.67 771.24 13.37 1.52
138.23 238.96 68.44 6.67
121.18 316.98 58.47 9.65
354.05 544.89 63.13 9.27
67.44 252.01 54.31 6.49
190.86 899.48 51.24 8.79
19.45 760.15 65.13 7.80
375.41 481.26 86.01 6.04
181.23 295.68 77.55 8.17
852.33 882.51 38.35 3.02
329.92 961.83 32.66 0.26
414.81 875.98 99.52 8.00
5.37 7.71 28.01 0.73
121.73 367.64 79.51 1.32
760.35 852.76 82.63 4.04
42.74 78.40 50.07 4.09
63.12 867.99 35.77 4.03
28.95 200.61 77.05 2.46
482.25 634.43 32.71 0.42
480.77 632.51 1.94 0.23
348.86 913.06 74.47 0.71
33.81 72.68 72.02 5.46
54.79 962.12 23.01 0.53
183.51 586.78 78.14 4.78
760.66 927.70 32.32 8.32
63.52 888.00 54.29 2.45
15.60 446.09 96.38 8.61
158.62 646.23 82.35 9.30
134.41 191.75 3.52 7.97
246.67 474.30 16.94 6.43
326.16 657.20 76.95 3.99
351.43 440.03 98.76 7.74
16.06 32.49 96.05 4.02
172.80 203.94 6.46 3.56
464.19 564.35 92.16 4.12
803.33 964.65 33.41 9.94
652.60 694.82 47.90 9.13
205.92 839.48 5.55 6.69
219.61 531.79 40.67 1.83
451.83 464.60 39.56 7.10
636.29 997.52 81.12 4.99
15.18 112.96 78.54 0.85
11.80 317.43 14.96 5.62
0.37 8.69 29.07 3.53
202.55 412.31 36.17 5.33
5.19 268.81 12.01 0.61
41.19 51.24 72.43 5.85
280.13 419.12 76.47 0.17
50.20 274.60 45.15 1.10
16.25 272.17 91.94 9.62
332.36 357.87 98.75 0.10
17.76 82.27 97.14 8.12
35.69 131.79 73.44 4.13
211.99 238.52 64.73 9.77
153.31 965.14 69.14 7.80
697.75 739.67 91.48 4.28
204.76 903.16 28.89 5.34
262.93 523.81 28.47 5.22
18.84 54.73 75.31 0.54
429.33 582.04 58.65 7.36
245.71 405.72 41.48 7.78
246.86 344.54 97.54 9.70
171.06 433.89 21.01 3.57
81.87 212.25 51.37 8.94
664.00 712.61 17.80 6.44
309.88 528.10 45.17 6.36
0.13 0.50 46.89 6.07
64.44 156.41 23.43 5.66
69.53 364.63 33.43 9.19
136.04 361.65 82.40 5.55
700.76 861.14 69.12 3.41
102.87 679.38 15.86 2.01
61.24 564.23 91.96 5.86
346.32 843.42 2.22 7.45
143.61 421.09 53.51 7.51
539.35 545.18 3.16 9.82
455.04 932.38 82.52 4.04
543.89 631.06 89.58 2.21
58.82 331.81 29.13 4.73
72.98 706.19 30.25 3.96
252.01 378.62 89.81 5.57
541.95 922.82 93.01 3.92
47.31 68.15 21.42 6.86
10.56 13.99 86.67 6.38
186.39 224.66 3.93 9.25
371.43 597.60 11.46 2.95
227.17 879.22 67.67 5.43
63.90 649.07 19.38 1.23
1.41 683.61 76.79 6.44
575.15 728.23 50.35 6.39
547.93 606.86 73.24 0.86
89.01 423.35 30.76 8.03
16.47 56.11 67.27 7.25
416.03 791.69 10.19 0.93
407.50 746.33 19.87 5.41
3.75 502.78 50.15 9.92
131.44 311.92 56.35 0.16
300.55 623.76 0.06 0.63
8.72 105.47 51.48 8.83
84.72 323.74 40.37 9.86
607.43 880.42 60.62 2.12
2.75 513.38 6.56 3.24
264.65 775.67 82.17 1.98
265.80 365.64 91.89 1.10
146.54 222.75 81.25 6.52
789.42 981.94 40.66 7.42
207.30 781.62 79.77 5.37
815.68 837.87 48.75 1.82
45.11 291.27 53.94 8.19
379.36 443.67 54.94 2.87
198.10 986.90 24.85 6.07
309.34 432.92 57.16 5.68
9.60 528.47 65.72 0.42
293.36 446.74 97.84 1.89
125.91 162.01 60.78 9.90
619.35 661.23 81.71 6.04
203.36 482.38 47.74 9.58
180.19 823.16 72.45 3.59
360.88 503.28 89.65 6.21
12.95 77.52 55.40 6.00
368.60 412.24 16.42 2.51
21.48 327.47 77.91 9.49
200.27 418.87 52.90 3.63
464.88 711.70 23.18 4.10
135.70 297.27 47.19 0.44
426.22 737.09 57.54 3.90
324.41 380.42 3.62 7.96
133.18 921.02 63.95 6.79
213.83 680.11 19.29 1.11
7.18 385.15 60.59 7.55
453.80 499.38 74.70 1.09
33.15 175.12 68.70 5.92
598.68 832.29 19.88 2.91
278.53 935.50 36.80 9.46
14.98 88.10 37.41 9.13
20.48 62.92 5.91 3.04
207.45 508.74 77.66 7.42
141.14 449.41 24.97 8.80
302.87 378.76 23.40 3.89
112.73 461.03 89.80 3.33
10.16 71.49 89.75 0.52
223.17 287.07 49.97 5.18
107.94 130.45 84.31 3.39
597.72 752.23 99.94 4.50
393.03 405.95 81.91 8.89
25.26 79.35 31.20 8.12
84.46 233.55 12.00 8.12
127.70 510.19 14.96 1.69
407.14 474.97 52.21 2.05
627.20 994.75 0.74 5.22
132.39 153.05 82.12 8.81
38.83 65.80 93.30 1.76
306.35 923.15 90.64 2.51
274.81 972.62 24.14 9.70
230.60 239.92 27.81 0.13
105.00 164.95 31.81 3.45
8.70 210.98 65.49 5.74
767.09 813.21 94.47 6.27
675.77 878.29 35.07 7.62
371.47 722.14 79.37 5.30
99.14 830.58 11.33 3.21
704.97 855.33 36.43 5.26
209.43 398.62 8.90 7.10
99.62 270.50 30.54 1.49
84.76 751.74 50.75 4.96
23.50 289.26 94.74 1.08
307.55 321.78 38.69 3.93
386.94 421.66 52.74 5.78
175.37 415.07 82.50 3.93
46.91 426.55 29.19 5.18
328.97 446.66 52.27 7.17
18.99 42.29 62.18 7.57
58.03 342.32 22.52 5.11
485.69 721.63 26.19 3.42
85.73 110.56 50.86 5.76
669.15 909.95 11.53 5.03
93.80 94.68 58.96 1.24
13.09 376.45 9.93 3.12
120.45 153.24 3.80 9.07
96.70 472.01 16.63 7.86
116.25 605.91 72.97 7.56
148.49 383.42 34.49 4.00
524.36 791.04 53.27 4.52
38.56 215.97 53.07 4.18
102.97 122.31 58.94 2.29
636.51 727.18 48.92 3.95
28.47 58.08 66.53 0.10
657.38 745.71 7.96 1.64
3.84 49.32 42.71 2.75
279.78 507.09 90.26 1.66
431.58 489.56 26.18 9.06
30.21 71.81 43.24 4.14
7.83 118.28 19.94 8.99
169.37 334.53 52.93 2.62
172.37 185.08 86.24 0.80
24.38 666.11 82.43 5.44
162.10 202.13 11.71 2.75
531.23 665.83 34.40 5.40
215.72 845.47 24.46 7.29
91.68 666.83 74.94 5.12
18.69 33.36 94.10 1.42
123.29 127.24 24.04 2.33
145.54 793.51 43.12 9.63
499.85 767.96 38.59 0.10
509.71 977.70 42.84 7.06
44.90 52.23 62.46 7.71
74.62 164.83 78.52 5.19
99.36 845.14 80.31 2.03
491.19 875.35 73.44 2.60
453.70 748.45 14.92 1.97
215.30 671.24 65.12 9.21
564.65 574.13 72.82 1.84
76.66 317.49 58.90 9.73
69.58 83.43 30.96 1.79
120.29 798.80 6.97 3.95
741.28 989.94 85.97 5.31
29.76 88.70 67.90 0.68
186.34 920.38 6.17 1.63
230.23 231.40 94.36 5.54
394.80 538.48 20.89 5.98
265.23 509.85 89.22 3.29
72.32 691.67 68.59 0.48
448.36 556.66 97.94 6.62
525.85 926.33 11.92 8.56
454.94 570.33 42.75 4.24
838.32 953.17 45.86 8.10
10.02 83.69 17.15 5.70
310.47 534.41 5.19 4.27
7.80 44.84 1.07 6.53
10.36 178.08 90.52 4.76
493.24 708.70 44.89 8.56
65.54 999.38 77.11 3.24
198.33 463.63 87.47 0.34
240.72 532.27 28.43 5.98
348.13 400.56 65.19 4.98
42.32 410.64 42.76 5.49
445.63 728.29 55.53 6.38
227.04 240.49 4.65 9.21
518.24 598.01 11.28 0.92
195.82 269.83 94.16 3.48
220.97 371.75 77.33 7.55
815.30 841.97 83.52 2.55
430.14 978.35 77.52 9.00
372.99 782.59 8.01 0.89
494.33 591.12 80.78 5.15
146.65 273.08 7.87 1.10
534.52 798.46 95.54 8.31
4.24 71.03 65.30 6.31
48.05 334.81 73.86 6.80
5.60 11.87 82.86 0.24
245.37 933.10 79.23 9.22
90.90 407.67 90.10 2.33
626.43 914.27 57.47 7.36
112.94 683.33 21.98 1.80
37.58 447.97 50.10 9.02
147.49 470.70 88.84 9.04
642.68 957.99 9.35 3.40
330.99 647.09 23.63 0.20
313.81 816.08 59.42 3.76
101.82 217.11 49.60 1.39
209.25 310.93 82.26 4.27
59.32 135.89 76.07 7.40
380.90 885.24 29.93 5.95
153.05 705.06 88.51 6.58
52.96 844.96 59.97 2.06
257.70 690.04 72.25 6.13
401.09 913.47 93.40 4.11
752.49 871.72 25.49 2.66
77.03 313.56 76.93 2.99
252.11 775.48 23.90 0.73
546.91 842.65 80.20 7.72
671.53 836.08 74.30 1.05
225.03 466.53 73.10 6.58
735.10 744.88 26.22 8.36
184.81 267.55 52.46 9.28
225.80 489.64 85.46 6.73
58.94 612.70 43.23 1.71
448.07 478.87 12.44 5.05
116.92 384.44 32.77 0.54
144.65 224.83 1.58 1.37
66.69 68.34 11.47 3.23
403.71 647.05 35.10 4.61
651.43 884.32 17.41 7.49
78.33 456.03 4.22 8.75
181.12 692.26 20.45 4.66
633.19 841.59 19.70 6.04
192.77 552.53 46.57 7.37
241.31 586.54 32.26 4.90
182.19 749.85 31.64 0.43
340.83 644.90 38.55 2.76
2.94 17.79 30.24 3.84
684.28 885.83 6.10 8.10
428.95 472.44 12.75 4.04
411.86 649.97 40.07 2.51
473.17 911.93 43.40 8.49
140.18 825.33 16.90 8.71
384.84 582.87 99.13 1.30
142.88 215.25 84.05 6.58
358.98 957.13 33.93 2.97
307.18 539.28 84.59 1.73
259.68 393.58 25.76 3.56
545.88 556.80 9.59 2.27
306.13 343.01 94.27 8.35
343.11 492.13 7.05 5.01
527.12 559.67 66.30 8.46
209.29 307.34 35.03 8.00
70.10 191.66 34.49 0.95
179.06 435.99 6.20 9.58
664.05 843.42 36.66 0.24
325.60 424.80 96.02 1.34
33.08 162.72 99.68 4.86
46.52 101.42 29.86 4.62
132.22 539.91 26.59 0.79
27.71 73.52 38.78 5.19
714.42 957.58 59.66 3.58
31.12 55.83 86.68 9.27
99.40 624.82 63.02 3.16
1.38 33.07 44.49 5.80
95.24 312.81 14.17 7.76
374.73 577.91 2.37 1.36
39.67 267.19 92.14 0.73
26.42 917.59 69.43 5.19
236.91 931.20 32.28 7.04
44.94 158.43 49.82 6.79
237.07 405.78 59.94 8.86
230.97 335.36 98.17 1.70
589.04 875.61 89.45 3.54
600.09 719.85 98.41 7.06
345.05 447.80 91.30 5.40
70.31 84.95 4.10 9.68
195.33 353.31 66.72 1.75
518.72 818.83 22.05 4.63
159.73 892.87 63.48 1.76
98.12 413.43 66.98 9.05
267.28 437.48 6.10 0.87
649.24 711.74 7.92 3.07
428.87 995.02 88.47 3.51
207.99 223.43 23.18 6.75
76.85 92.44 52.02 1.29
35.29 133.45 35.91 9.85
698.53 819.55 45.12 2.99
541.36 588.05 22.03 9.07
25.83 32.02 9.93 3.77
89.13 396.13 66.84 4.69
309.13 944.07 61.71 7.51
86.90 174.88 7.78 7.34
154.61 301.80 42.14 8.78
2.11 33.83 52.14 6.91
640.80 767.96 13.41 9.55
462.91 972.85 8.61 4.88
373.04 690.59 12.16 6.73
34.18 363.39 41.41 0.99
18.82 61.31 38.49 6.21
62.62 315.02 67.06 6.83
145.54 869.55 79.12 6.92
241.84 650.73 83.82 8.70
111.14 192.00 1.76 4.86
320.75 759.69 33.25 0.29
210.84 355.91 0.53 9.31
160.18 224.38 53.81 9.23
215.49 272.07 85.43 7.10
190.68 865.58 67.44 5.15
211.06 361.65 2.06 5.91
58.54 77.78 58.12 3.32
50.42 873.64 98.17 3.34
412.66 833.74 47.14 9.67
37.46 340.33 72.49 4.72
381.49 616.63 77.46 8.71
424.85 582.10 39.33 1.21
58.95 215.34 46.35 0.52
107.50 753.30 79.94 4.61
252.70 524.82 27.92 8.47
195.90 861.44 95.33 5.19
50.87 284.53 48.37 4.87
396.89 553.63 53.10 0.27
392.17 710.66 22.50 6.29
358.33 393.42 67.49 2.30
7.75 32.08 76.33 8.91
28.94 52.78 7.04 7.61
602.38 757.83 39.60 9.28
784.51 888.06 77.98 6.12
758.35 777.36 60.98 1.01
355.35 810.71 64.79 4.90
64.92 171.66 4.70 8.61
603.17 912.60 0.90 4.70
93.24 113.04 93.60 5.84
193.15 260.52 6.96 8.36
31.84 699.09 1.15 0.68
189.13 381.45 50.32 8.83
17.30 132.49 53.35 6.73
358.52 852.39 91.62 4.06
348.66 368.92 52.67 1.53
19.30 632.00 89.74 8.57
177.95 757.81 74.40 1.86
16.35 610.99 0.21 3.61
58.70 191.41 87.81 2.88
131.38 607.50 95.22 10.00
12.15 12.91 46.73 5.32
0.25 30.19 52.89 9.12
15.79 61.68 44.17 7.21
214.56 386.14 65.77 3.96
499.60 844.26 25.82 8.79
9.77 148.55 92.39 9.97
2.16 17.92 12.84 5.43
3.54 118.29 28.94 1.22
410.13 520.11 60.05 0.32
275.08 341.03 12.95 6.24
135.10 181.99 23.44 8.14
214.76 518.04 75.61 2.31
284.21 356.39 81.09 4.95
32.59 54.47 8.44 2.40
52.50 717.17 61.34 9.00
838.22 892.83 30.21 2.95
75.41 92.96 63.26 4.00
539.16 666.68 63.75 8.68
44.39 196.82 16.81 4.87
391.11 939.88 40.70 6.29
644.29 657.34 64.75 1.82
10.78 622.28 47.73 2.99
6.87 57.96 1.98 0.80
237.04 362.84 63.74 9.33
54.19 85.93 53.32 2.62
200.09 566.71 64.82 7.06
220.36 967.74 5.45 7.63
19.18 474.02 67.43 4.90
264.84 594.94 70.23 0.76
25.63 632.38 83.74 0.35
78.21 90.52 4.66 6.89
297.99 344.91 36.21 0.85
312.38 658.90 46.98 9.14
80.10 833.60 79.71 1.35
43.37 456.92 72.50 4.47
468.63 494.79 89.36 9.75
35.73 62.64 34.02 5.04
270.78 841.05 48.90 5.10
54.41 66.96 75.51 5.40
643.37 685.46 69.76 7.89
471.91 728.26 60.54 5.39
951.03 955.55 90.26 2.48
506.40 825.38 70.46 3.70
263.07 293.21 36.96 5.87
414.24 946.43 14.42 7.49
6.65 52.22 46.10 2.71
110.67 280.37 58.10 9.36
188.78 196.82 37.24 8.61
32.16 708.09 77.51 3.65
23.36 238.00 39.64 6.91
112.34 557.53 10.60 0.76
27.49 296.93 70.14 3.37
575.86 982.03 94.37 7.79
155.51 674.88 80.49 8.79
67.70 162.05 48.14 2.40
155.07 529.94 74.52 8.04
124.28 583.13 65.20 4.66
316.24 583.29 11.56 4.36
23.71 541.95 55.11 2.41
152.34 860.26 45.78 5.82
135.25 436.81 3.60 1.70
101.84 844.11 30.48 6.18
73.42 186.18 92.09 6.13
493.53 527.50 17.69 4.16
221.98 545.66 22.34 2.48
129.74 978.26 96.83 3.74
308.08 883.07 86.14 6.86
426.50 440.67 12.68 1.01
300.67 535.56 16.23 3.20
890.44 963.86 12.89 0.05
42.47 352.34 29.70 9.85
16.31 198.61 17.53 4.28
307.39 820.80 36.75 9.07
145.23 537.25 46.32 3.86
458.39 549.01 90.71 3.22
231.45 427.87 94.22 6.96
518.92 683.16 33.68 7.03
81.89 220.65 97.08 3.00
724.53 951.52 16.37 0.14
322.20 464.69 57.93 5.50
467.83 837.25 48.09 8.03
662.30 891.76 21.88 0.78
312.49 390.36 93.99 1.77
172.64 179.47 72.24 6.16
287.66 462.15 73.19 2.81
492.52 652.46 19.33 7.51
331.74 624.05 81.17 8.75
35.95 133.08 37.76 3.86
45.67 233.75 71.88 5.52
324.31 843.75 29.82 4.12
337.59 733.37 79.40 6.37
232.43 275.51 2.53 7.68
465.62 757.53 20.48 10.00
97.79 409.47 41.03 7.05
27.18 38.99 49.31 2.08
182.10 561.26 5.93 8.55
46.36 99.93 47.58 3.69
85.98 98.59 41.32 1.97
333.48 464.70 8.33 0.22
278.59 372.34 77.89 3.40
617.28 786.54 66.92 9.54
572.97 901.67 20.10 0.68
139.15 630.11 76.27 1.38
315.21 483.49 13.44 3.43
529.97 887.03 27.11 9.15
99.13 701.91 81.11 6.62
739.32 752.64 6.84 4.99
369.87 900.27 81.91 0.34
27.01 446.59 73.40 1.80
49.50 656.74 15.99 0.38
303.17 589.92 41.75 3.42
252.66 801.47 20.36 2.03
427.73 843.23 1.17 5.15
94.30 542.90 11.77 5.56
26.57 35.21 84.06 5.49
325.80 330.34 49.34 0.47
371.17 778.28 52.26 5.03
491.07 743.25 85.40 3.18
93.06 287.51 70.11 2.52
645.61 972.88 4.54 6.12
39.84 901.42 61.26 4.33
125.24 415.00 3.40 0.22
18.35 18.64 49.22 9.00
774.90 816.92 89.46 5.22
135.94 148.31 93.76 5.09
36.37 136.97 88.26 8.01
388.87 933.33 40.52 6.22
505.62 675.84 85.85 7.27
216.53 541.31 85.12 6.32
201.26 483.63 70.06 5.80
697.26 902.99 14.79 9.93
819.03 944.85 78.66 3.18
458.40 536.49 48.26 3.47
15.43 78.59 25.00 1.93
403.26 985.42 81.66 1.28
451.01 537.59 2.06 8.91
75.40 378.11 98.75 5.27
1.59 2.71 91.06 5.71
8.26 51.57 89.15 6.44
242.19 337.11 53.13 3.62
110.87 267.24 10.60 5.84
247.86 264.92 21.29 0.36
67.51 564.61 75.15 2.21
593.15 897.47 44.64 5.59
197.97 227.88 64.37 4.12
299.36 312.16 99.82 3.74
10.04 24.77 23.69 5.42
128.04 847.31 62.55 4.56
83.14 341.70 60.40 6.63
66.94 572.24 20.50 6.86
52.43 911.64 2.58 9.12
352.24 572.83 48.22 4.24
320.77 454.09 58.35 6.26
26.31 31.51 93.52 9.81
168.71 237.67 45.22 5.00
490.40 594.00 99.55 9.23
721.79 744.41 5.85 6.66
440.46 968.64 17.03 3.82
68.89 149.01 52.93 5.37
26.61 93.84 49.60 7.94
621.41 977.23 14.20 2.27
168.72 193.13 92.08 0.81
100.30 588.41 15.80 5.94
12.51 608.56 45.16 2.98
178.04 865.83 33.15 8.01
361.74 367.90 41.82 6.92
493.13 633.27 2.29 7.12
139.31 322.91 38.58 3.68
187.94 623.33 35.94 9.99
582.33 687.50 10.79 9.44
42.62 328.81 85.38 0.90
40.82 132.48 17.39 8.32
369.60 708.56 96.32 9.99
21.27 64.20 56.91 1.00
15.99 96.38 51.64 9.30
326.38 574.57 46.49 1.43
99.90 106.48 41.41 3.99
762.19 873.94 33.42 6.28
0.72 5.81 67.17 8.30
509.38 739.87 36.61 1.96
404.35 698.58 51.95 2.79
226.67 334.56 87.31 4.47
114.75 768.02 77.29 6.12
424.78 729.13 67.55 5.62
527.09 906.18 93.12 0.14
84.54 124.65 9.93 0.47
156.21 372.35 68.76 2.23
10.84 25.15 24.18 3.75
489.52 701.80 50.05 9.89
98.14 348.47 94.36 0.02
955.63 976.27 86.14 8.93
287.83 358.91 4.54 5.11
19.80 26.13 8.76 0.80
281.95 851.21 81.26 3.57
59.28 459.28 99.31 4.45
107.59 118.89 8.19 4.22
36.30 126.63 84.10 5.11
290.96 459.09 55.13 8.89
17.09 277.11 31.34 6.04
82.78 358.44 1.14 4.58
8.60 160.55 98.89 1.77
424.86 955.59 98.85 4.89
523.66 857.19 99.33 9.61
428.28 448.65 23.82 5.29
227.90 292.76 50.40 5.38
373.59 776.91 77.79 4.03
50.22 510.28 90.06 2.25
550.70 808.49 16.82 9.05
18.59 28.10 44.33 3.71
74.65 422.88 62.11 3.60
213.69 604.82 83.20 7.01
284.84 895.96 92.29 8.73
58.14 505.46 67.63 2.38
854.91 975.22 36.41 5.51
225.69 418.03 17.75 0.05
231.42 944.68 22.62 2.79
334.46 540.82 20.01 3.71
310.06 373.62 70.82 1.97
16.00 307.04 22.49 3.01
6.76 24.52 55.26 9.99
35.45 484.48 12.37 9.72
46.96 95.31 8.74 6.87
63.52 502.25 30.43 6.94
3.06 51.60 83.25 2.43
342.76 583.49 19.65 0.64
442.85 712.39 26.12 9.44
414.52 444.45 85.97 2.50
36.51 426.89 26.00 1.38
36.95 91.12 34.61 6.44
9.74 614.15 26.82 6.42
580.59 596.86 26.87 8.47
73.70 173.79 4.41 0.81
12.12 176.87 41.44 2.79
154.56 414.49 72.22 2.47
76.58 579.66 18.48 6.56
196.06 562.90 81.46 7.55
421.75 609.86 67.50 7.54
334.34 422.91 67.47 3.30
46.07 615.06 31.76 2.38
683.43 704.43 73.18 4.83
129.68 523.71 61.13 1.73
356.43 709.18 87.71 2.38
905.85 955.03 22.45 1.47
294.56 414.16 62.53 7.55
240.02 646.99 75.08 9.91
13.89 187.84 16.73 2.91
232.95 636.87 18.80 4.83
436.60 811.67 13.18 8.91
25.56 33.60 0.64 6.32
50.89 471.15 22.21 9.72
66.68 321.55 34.70 9.24
3.97 12.06 86.78 9.06
895.08 927.23 92.48 5.09
283.88 904.38 81.51 4.78
745.58 884.71 9.61 6.39
26.15 119.30 58.81 6.44
52.89 60.58 86.27 5.27
40.20 174.81 84.98 6.37
48.62 216.62 95.60 8.69
535.16 980.39 51.26 1.16
39.92 144.20 49.76 2.12
136.08 579.96 16.89 4.68
688.80 758.59 24.58 7.91
176.58 376.29 94.34 0.41
221.49 806.33 95.67 1.15
68.03 652.57 41.03 9.20
27.19 627.33 61.41 7.73
143.67 682.49 42.40 6.71
209.44 583.42 2.34 6.92
530.44 786.92 55.11 5.52
17.70 572.74 23.42 2.56
102.14 126.58 76.48 6.44
13.81 525.37 41.11 7.95
65.42 79.80 47.15 7.14
8.08 82.26 78.39 4.76
636.13 948.23 54.98 1.67
416.40 676.44 22.10 3.37
88.14 240.04 8.88 6.31
156.21 420.39 52.38 0.50
328.09 377.07 6.94 2.46
253.67 464.50 80.40 7.84
9.45 93.67 78.49 9.46
396.14 763.11 4.22 1.36
483.20 541.16 6.54 7.61
374.34 980.01 80.97 3.58
119.31 569.33 59.88 9.74
81.71 449.16 0.23 9.77
5.49 904.61 55.74 2.65
683.52 882.22 40.48 9.43
387.14 590.70 42.40 7.34
4.00 39.34 92.21 0.51
47.45 769.31 98.11 9.33
16.18 554.39 32.90 3.74
395.06 659.45 76.99 8.63
106.50 268.52 61.91 6.67
164.01 974.92 69.31 0.67
127.37 617.27 60.09 1.50
79.00 92.24 88.84 1.59
48.34 712.60 75.61 1.92
40.14 406.81 94.76 4.73
201.92 479.80 48.46 9.27
11.39 183.92 11.41 5.98
196.55 829.68 52.64 4.61
47.61 154.45 25.27 5.25
8.87 258.74 6.75 0.99
59.25 114.87 46.10 1.00
199.37 967.16 36.44 3.98
234.76 358.92 98.71 8.73
171.55 558.83 41.51 2.76
17.14 599.63 58.73 2.84
326.57 389.72 60.96 7.70
232.55 460.32 42.95 2.59
621.02 698.60 97.10 7.00
177.80 635.81 68.00 2.98
315.94 728.39 40.48 7.32
508.31 799.12 89.57 7.96
301.43 876.88 64.24 0.04
49.51 111.01 32.87 4.26
39.73 424.87 71.96 5.20
288.73 343.55 31.31 5.68
277.45 455.13 82.68 0.95
68.14 371.57 57.44 3.49
3.87 82.12 50.81 1.25
655.36 964.11 2.73 1.01
506.15 998.46 81.04 9.48
460.67 616.94 73.74 1.82
611.80 834.75 90.54 8.31
420.81 487.61 83.99 6.27
327.87 350.22 60.73 5.32
35.99 44.35 12.32 10.00
349.72 379.58 71.24 7.22
295.79 430.51 11.74 2.51
160.02 567.94 1.98 8.42
7.34 33.71 90.23 8.47
203.96 948.42 10.30 9.56
430.68 829.62 5.82 3.37
384.44 487.96 92.20 5.84
408.73 448.21 85.83 1.32
357.12 531.14 62.05 1.67
208.80 221.57 54.17 9.52
149.25 330.07 37.93 3.79
14.32 58.88 32.25 0.83
82.00 499.46 70.39 9.10
43.21 363.84 72.46 1.81
423.87 869.77 11.16 1.51
512.49 769.16 36.34 0.31
19.13 181.07 25.49 2.65
28.12 472.15 55.68 5.75
245.23 562.82 29.53 5.23
236.97 512.31 56.05 1.78
165.24 331.34 40.87 8.72
154.59 693.18 10.52 2.96
72.45 405.01 7.98 7.70
119.26 445.68 1.52 6.76
1.20 142.67 92.92 8.36
199.12 370.16 44.10 6.51
38.50 205.71 81.73 8.03
59.17 125.95 93.32 0.82
432.10 891.23 79.53 7.94
334.61 574.54 74.41 3.08
452.49 938.75 80.77 4.44
129.91 526.67 74.72 2.88
374.82 672.79 74.75 2.97
55.45 79.73 2.99 8.97
214.21 919.49 30.51 5.45
64.15 186.00 66.27 0.76
351.89 621.52 88.70 9.59
78.62 662.86 2.66 1.62
196.93 308.99 86.06 9.19
18.01 429.20 32.06 2.01
679.83 855.42 8.49 5.17
133.38 452.67 84.13 2.17
908.35 959.69 81.14 9.22
0.93 101.97 13.50 7.02
122.78 720.21 46.60 3.09
167.16 492.31 48.22 1.31
21.18 59.69 0.50 2.42
502.55 622.06 17.94 7.50
304.64 729.90 76.18 2.58
7.98 164.92 18.26 4.62
0.66 1.96 97.36 3.94
429.02 873.81 90.95 7.56
75.60 176.54 4.16 2.38
134.90 477.33 33.69 0.55
421.53 750.15 16.49 2.22
107.21 557.27 13.23 7.18
233.11 824.35 69.75 2.80
322.82 713.21 77.41 5.18
12.03 814.42 82.64 1.77
237.57 349.11 9.32 9.18
282.10 538.15 21.56 9.01
304.60 529.34 79.56 9.50
511.33 916.44 15.24 7.24
395.68 993.96 24.42 1.84
558.55 581.37 34.63 8.11
215.55 909.19 73.28 7.15
113.63 613.82 38.91 6.47
305.68 456.52 15.64 8.20
56.38 588.71 37.20 1.58
629.64 819.45 24.60 9.42
705.22 776.29 36.66 3.79
195.58 531.79 15.62 6.69
150.72 182.25 34.79 4.98
752.82 789.31 42.12 3.14
27.70 391.00 29.60 7.53
192.04 556.26 5.72 4.98
1.77 9.45 26.55 2.44
666.09 723.17 91.85 3.00
418.09 854.47 96.78 9.80
193.26 380.11 26.48 2.38
853.98 889.66 80.87 8.98
160.26 796.36 45.64 7.37
155.04 331.02 34.90 7.29
235.60 447.49 95.78 0.48
485.35 547.03 12.91 3.74
746.14 936.97 96.73 1.45
53.91 260.28 4.76 0.40
123.31 532.91 66.29 2.59
59.88 219.53 1.56 5.90
563.74 797.15 3.26 8.18
419.66 449.45 15.46 6.95
407.82 605.79 17.42 2.83
850.94 997.06 86.56 7.56
896.28 962.10 89.00 2.39
421.96 703.80 26.30 6.73
48.60 52.02 59.31 1.56
43.37 66.76 50.97 7.45
167.22 271.56 55.62 1.02
65.66 219.40 81.48 5.20
206.91 709.33 41.54 9.92
234.34 756.24 67.47 8.35
356.60 738.40 4.25 2.22
97.58 577.25 78.94 9.28
577.70 850.16 64.35 0.45
141.41 426.12 7.89 1.21
250.94 333.03 82.22 2.44
527.27 761.61 77.63 4.47
881.50 989.62 4.39 9.39
298.74 410.77 27.74 9.18
287.19 655.34 54.91 2.60
296.19 353.07 25.39 6.76
532.74 935.58 47.21 5.24
315.10 768.54 86.44 1.59
90.85 145.62 54.02 0.76
534.35 659.38 5.23 2.53
187.40 877.84 21.91 8.62
288.49 844.96 1.31 3.84
246.61 572.17 96.43 5.25
762.68 953.56 92.01 2.68
117.90 338.57 77.91 7.13
271.02 621.32 8.71 6.96
41.05 96.50 37.71 5.89
12.24 221.39 31.93 2.76
63.51 79.56 14.89 8.06
601.46 966.98 51.89 9.16
71.22 835.92 64.41 9.49
604.08 897.15 5.68 9.26
84.02 822.64 6.38 7.49
252.75 711.43 74.44 7.94
334.94 904.82 27.35 9.75
73.09 82.10 16.02 1.68
418.20 913.09 49.73 3.61
796.00 910.61 46.28 6.54
786.39 976.94 99.54 7.63
160.09 294.11 36.88 0.28
403.24 452.30 87.77 3.74
637.39 821.83 71.68 0.18
46.75 801.37 43.44 7.01
191.17 485.31 72.20 8.42
101.59 490.35 5.54 4.49
909.56 950.55 11.02 1.02
17.23 726.00 28.64 3.64
39.90 42.79 63.92 5.11
494.74 672.26 58.84 7.62
249.01 940.90 47.80 5.81
115.70 820.07 52.81 5.40
17.51 114.19 3.81 8.07
76.21 437.46 32.55 8.02
670.71 824.65 42.55 4.18
178.53 981.14 97.82 3.94
103.04 500.20 82.56 2.48
1.35 40.43 30.09 4.86
121.47 298.93 50.66 9.02
457.23 759.66 24.41 3.86
355.15 655.48 5.45 6.47
140.50 928.09 44.48 6.27
34.60 108.58 30.45 3.25
57.81 221.72 40.70 1.93
7.41 380.53 57.92 0.97
498.38 628.16 29.34 7.10
378.47 592.91 9.63 2.58
802.71 946.96 89.96 5.98
33.12 252.78 22.44 0.88
347.37 660.41 97.15 2.52
75.62 280.97 85.76 6.22
359.09 582.87 51.66 3.41
516.18 749.70 47.89 1.39
187.71 661.09 32.00 7.53
107.60 220.72 33.63 1.22
529.57 802.68 97.19 5.48
820.92 846.00 36.35 6.42
31.81 113.56 38.94 8.06
135.13 224.58 87.79 0.98
243.12 414.65 34.38 7.88
85.03 549.01 69.26 3.63
14.81 86.51 91.15 0.76
230.36 506.39 1.97 2.60
70.30 211.85 28.07 7.86
21.35 345.80 27.80 2.89
224.52 261.41 80.95 6.01
60.17 118.44 56.98 6.63
28.28 671.68 24.50 0.70
132.13 364.16 94.32 4.20
184.28 722.04 84.96 1.96
70.66 273.74 64.55 5.61
274.64 949.58 6.98 5.39
4.66 320.54 18.27 1.96
110.34 765.00 31.48 3.46
685.99 994.97 80.08 6.66
354.13 406.84 87.36 4.53
933.82 988.87 48.73 0.92
44.17 194.16 66.39 1.44
126.55 520.58 80.56 0.17
123.74 850.58 65.55 1.13
406.23 422.29 16.60 0.82
88.93 110.05 34.27 5.03
68.94 163.56 71.69 3.93
66.76 909.46 68.45 8.34
463.56 631.25 72.78 8.95
5.07 14.35 83.90 4.95
6.70 333.60 68.63 7.71
47.52 51.96 82.35 7.78
224.92 945.02 52.12 5.08
42.67 74.05 23.63 7.62
210.02 527.75 71.54 7.22
231.19 244.89 35.55 9.67
121.11 184.18 28.61 8.54
73.01 310.99 33.48 8.12
28.32 40.45 55.83 5.95
76.40 163.31 57.24 8.34
164.24 764.14 26.93 8.20
159.54 759.24 39.33 7.00
69.69 72.88 87.73 7.78
130.02 177.87 57.45 2.06
467.86 658.62 24.11 9.62
311.10 525.58 41.25 9.56
576.58 686.72 49.02 0.04
151.29 262.27 58.37 6.42
42.80 415.59 28.14 8.36
15.93 99.35 88.87 2.24
640.34 641.83 53.54 3.23
42.47 63.37 8.80 2.00
686.51 887.57 55.13 3.16
10.44 17.51 6.24 4.24
39.24 56.95 17.79 2.75
352.34 825.01 72.68 4.14
245.60 288.47 42.49 1.35
118.04 131.78 23.58 7.14
77.80 207.93 83.88 4.83
131.38 715.11 56.82 2.70
60.05 989.07 79.37 0.12
779.34 971.82 74.35 2.30
96.25 104.36 75.04 9.38
81.82 431.79 33.51 3.79
85.23 212.03 35.13 7.34
658.28 770.86 44.47 2.32
408.88 862.84 77.15 1.49
171.11 284.51 7.70 7.11
247.39 909.41 7.22 4.76
391.58 499.69 37.05 4.06
237.05 400.73 96.95 6.05
556.97 586.81 79.84 2.37
283.45 433.48 33.22 7.87
320.21 637.17 10.18 0.03
63.99 769.52 5.03 7.56
945.51 984.79 18.19 7.73
718.64 763.28 2.48 2.98
130.63 397.51 30.55 8.25
309.39 742.14 94.30 8.96
206.06 921.46 54.85 8.47
132.25 152.59 86.33 9.78
158.19 329.25 53.32 2.30
177.85 647.33 43.38 5.65
827.89 934.56 53.37 7.85
24.85 213.98 60.83 1.51
5.35 785.90 9.75 8.05
797.25 882.37 20.52 7.36
24.55 205.19 85.82 7.80
241.87 726.93 11.09 6.19
94.31 95.67 82.00 3.01
20.36 786.24 38.65 4.33
48.68 586.91 82.17 4.43
143.94 674.87 75.93 4.30
639.26 861.39 52.34 3.77
134.40 353.22 74.65 8.42
311.93 811.72 79.73 8.66
44.96 59.63 58.36 5.31
175.06 318.71 98.31 4.96
53.98 365.71 89.28 6.15
18.79 155.98 80.57 4.38
527.56 604.98 18.67 6.38
105.71 805.67 73.67 2.42
19.66 107.35 44.35 9.08
341.87 772.27 57.73 5.43
224.07 678.39 50.73 7.12
528.74 619.94 65.59 5.66
29.91 813.00 1.80 2.51
27.63 153.34 26.88 1.85
2.31 2.36 88.23 1.56
640.42 843.56 93.97 0.93
31.33 173.70 70.00 9.50
224.53 625.90 4.93 4.30
10.44 870.83 1.41 0.78
416.71 468.19 39.95 4.72
120.96 148.89 77.23 5.76
49.04 251.14 87.60 7.03
82.41 776.67 88.59 0.24
477.98 701.21 71.16 8.44
156.33 184.37 47.94 0.28
147.89 259.43 78.10 0.27
612.23 672.01 84.57 3.73
261.79 473.52 48.45 2.42
179.02 493.28 88.17 4.43
76.08 356.79 61.46 3.47
180.03 415.09 53.71 9.84
275.87 396.09 81.79 0.48
10.21 93.04 54.27 2.48
66.13 209.60 46.27 1.63
252.10 575.37 48.87 8.90
79.44 182.36 34.84 5.66
175.05 750.00 20.08 0.33
165.12 725.79 3.79 0.90
83.84 295.07 84.25 1.18
636.24 809.38 35.17 2.43
35.37 859.26 18.43 8.87
578.19 821.78 14.01 0.68
192.54 822.54 9.57 4.91
777.41 887.21 80.56 0.75
186.87 530.91 34.59 6.71
1.96 9.19 61.12 4.28
480.53 959.37 58.97 2.28
205.84 538.42 98.22 1.21
564.48 583.54 93.59 8.85
229.47 808.35 29.52 0.90
53.68 697.50 99.33 8.24
63.07 510.51 12.50 1.43
522.02 907.54 61.66 0.27
393.13 585.44 84.54 8.34
123.77 495.16 40.61 3.59
64.15 301.13 58.31 8.20
125.06 218.97 80.57 7.33
461.59 622.99 21.75 0.50
102.98 976.19 68.74 0.24
186.38 427.97 55.18 9.05
401.63 728.30 79.31 7.27
378.71 503.11 49.12 1.80
69.35 834.36 58.90 9.02
441.03 955.56 10.73 4.54
638.44 669.07 65.39 2.08
421.87 528.40 12.57 4.60
100.39 135.22 54.83 3.20
417.42 626.04 25.76 7.87
131.90 490.34 95.13 6.98
63.61 95.92 18.77 3.81
461.83 497.46 56.34 3.03
288.33 958.36 91.09 0.97
13.10 521.86 83.04 0.27
223.56 670.62 18.39 9.37
455.60 867.45 96.08 3.50
108.33 210.24 74.88 4.12
460.94 890.40 21.09 9.86
448.37 677.74 43.66 8.73
238.61 344.54 55.27 6.44
8.34 30.57 57.40 5.96
125.64 229.84 29.75 3.99
45.28 526.57 33.35 4.03
368.67 684.84 51.04 8.62
173.72 814.77 22.73 5.18
513.62 559.41 55.03 7.16
257.40 610.69 75.88 8.77
225.26 225.71 85.20 9.81
192.06 441.00 99.28 4.38
142.71 510.04 98.36 0.14
741.14 877.13 94.17 5.51
602.81 824.64 47.64 9.42
22.46 34.62 44.59 4.04
620.09 977.67 94.72 8.38
366.04 788.85 70.66 8.09
373.35 428.76 61.41 3.30
409.27 461.94 67.67 5.51
75.91 289.69 35.64 0.35
363.11 697.71 19.37 2.36
367.87 902.03 25.29 6.66
130.85 200.86 94.21 2.07
181.46 360.04 93.96 8.90
207.10 586.54 90.50 5.31
255.09 420.44 12.12 5.91
126.92 312.56 81.41 5.78
131.35 845.79 59.65 7.03
181.84 773.87 92.91 5.91
886.08 973.04 76.08 7.43
344.63 551.57 79.49 1.62
72.15 322.71 24.03 2.78
617.51 738.03 88.08 2.00
37.69 129.92 31.42 6.02
129.49 543.48 71.79 2.80
210.38 393.37 59.83 7.25
276.24 600.99 6.67 4.04
649.68 697.94 11.46 3.05
40.84 416.52 88.18 9.24
